0 0.3408203125 0.5283203125 0.056640625 0.056640625
1 0.5888671875 0.8388671875 0.052734375 0.052734375
2 0.9033203125 0.5908203125 0.0576171875 0.0576171875
3 0.529296875 0.154296875 0.05859375 0.05859375
0 0.4619140625 0.1494140625 0.048828125 0.048828125
1 0.0263671875 0.4638671875 0.052734375 0.052734375
2 0.775390625 0.712890625 0.0517578125 0.0517578125
3 0.9638671875 0.5888671875 0.0537109375 0.0537109375
0 0.216796875 0.654296875 0.05859375 0.05859375
1 0.5908203125 0.5908203125 0.056640625 0.056640625
2 0.3408203125 0.7783203125 0.0576171875 0.0576171875
3 0.837890625 0.900390625 0.0517578125 0.0517578125
0 0.7763671875 0.1513671875 0.0537109375 0.0537109375
1 0.9033203125 0.4658203125 0.0576171875 0.0576171875
2 0.279296875 0.904296875 0.05859375 0.05859375
3 0.2744140625 0.0244140625 0.0498046875 0.0498046875
0 0.3984375 0.4609375 0.0478515625 0.0478515625
1 0.587890625 0.525390625 0.0517578125 0.0517578125
2 0.6494140625 0.5244140625 0.048828125 0.048828125
3 0.712890625 0.275390625 0.05078125 0.05078125
0 0.4619140625 0.3369140625 0.0498046875 0.0498046875
1 0.7744140625 0.0244140625 0.048828125 0.048828125
2 0.4619140625 0.8369140625 0.0498046875 0.0498046875
3 0.40234375 0.65234375 0.0546875 0.0546875
0 0.7734375 0.4609375 0.0478515625 0.0478515625
1 0.7138671875 0.9638671875 0.052734375 0.052734375
2 0.087890625 0.650390625 0.05078125 0.05078125
3 0.6494140625 0.3369140625 0.048828125 0.048828125
0 0.5263671875 0.5888671875 0.0537109375 0.0537109375
1 0.0869140625 0.0869140625 0.0498046875 0.0498046875
2 0.4658203125 0.2783203125 0.0576171875 0.0576171875
3 0.591796875 0.216796875 0.05859375 0.05859375
0 0.900390625 0.337890625 0.05078125 0.05078125
1 0.33984375 0.02734375 0.0556640625 0.0556640625
2 0.2158203125 0.1533203125 0.056640625 0.056640625
3 0.2109375 0.8359375 0.0478515625 0.0478515625
0 0.3408203125 0.9033203125 0.056640625 0.056640625
1 0.7109375 0.0859375 0.0478515625 0.0478515625
2 0.71484375 0.58984375 0.0556640625 0.0556640625
3 0.279296875 0.654296875 0.0595703125 0.0595703125
