0 0.0908203125 0.2158203125 0.0576171875 0.0576171875
1 0.08984375 0.08984375 0.0546875 0.0546875
2 0.9619140625 0.5244140625 0.048828125 0.048828125
3 0.9013671875 0.4013671875 0.0537109375 0.0537109375
0 0.837890625 0.587890625 0.0517578125 0.0517578125
1 0.9658203125 0.7158203125 0.0576171875 0.0576171875
2 0.2744140625 0.4619140625 0.0498046875 0.0498046875
3 0.5888671875 0.7138671875 0.0537109375 0.0537109375
0 0.587890625 0.775390625 0.0517578125 0.0517578125
1 0.212890625 0.650390625 0.05078125 0.05078125
2 0.6494140625 0.4619140625 0.0498046875 0.0498046875
3 0.650390625 0.400390625 0.05078125 0.05078125
0 0.1533203125 0.3408203125 0.056640625 0.056640625
1 0.712890625 0.525390625 0.05078125 0.05078125
2 0.6494140625 0.1494140625 0.0498046875 0.0498046875
3 0.7763671875 0.9638671875 0.052734375 0.052734375
0 0.58984375 0.08984375 0.0556640625 0.0556640625
1 0.7158203125 0.9033203125 0.0576171875 0.0576171875
2 0.1494140625 0.2119140625 0.0498046875 0.0498046875
3 0.7744140625 0.2744140625 0.048828125 0.048828125
0 0.466796875 0.966796875 0.0595703125 0.0595703125
1 0.900390625 0.337890625 0.0517578125 0.0517578125
2 0.3369140625 0.8369140625 0.048828125 0.048828125
3 0.212890625 0.400390625 0.0517578125 0.0517578125
0 0.3369140625 0.4619140625 0.048828125 0.048828125
1 0.3369140625 0.7744140625 0.0498046875 0.0498046875
2 0.779296875 0.029296875 0.05859375 0.05859375
3 0.154296875 0.591796875 0.05859375 0.05859375
0 0.3388671875 0.3388671875 0.0537109375 0.0537109375
1 0.7734375 0.4609375 0.0478515625 0.0478515625
2 0.9609375 0.5859375 0.0478515625 0.0478515625
3 0.900390625 0.212890625 0.0517578125 0.0517578125
0 0.15234375 0.40234375 0.0556640625 0.0556640625
1 0.96484375 0.90234375 0.0556640625 0.0556640625
2 0.712890625 0.712890625 0.05078125 0.05078125
3 0.0283203125 0.2783203125 0.056640625 0.056640625
0 0.5908203125 0.8408203125 0.056640625 0.056640625
1 0.4619140625 0.5244140625 0.0498046875 0.0498046875
2 0.65234375 0.96484375 0.0556640625 0.0556640625
3 0.2119140625 0.8369140625 0.048828125 0.048828125
