0 0.525390625 0.150390625 0.05078125 0.05078125
1 0.841796875 0.529296875 0.05859375 0.05859375
2 0.71484375 0.40234375 0.0556640625 0.0556640625
3 0.7158203125 0.8408203125 0.0576171875 0.0576171875
0 0.5244140625 0.9619140625 0.0498046875 0.0498046875
1 0.962890625 0.337890625 0.05078125 0.05078125
2 0.77734375 0.96484375 0.0556640625 0.0556640625
3 0.216796875 0.716796875 0.05859375 0.05859375
0 0.5234375 0.8359375 0.0478515625 0.0478515625
1 0.9658203125 0.7783203125 0.0576171875 0.0576171875
2 0.841796875 0.341796875 0.05859375 0.05859375
3 0.6513671875 0.0888671875 0.052734375 0.052734375
0 0.2138671875 0.9013671875 0.052734375 0.052734375
1 0.466796875 0.216796875 0.05859375 0.05859375
2 0.8359375 0.5859375 0.0478515625 0.0478515625
3 0.4619140625 0.0244140625 0.0498046875 0.0498046875
0 0.529296875 0.591796875 0.05859375 0.05859375
1 0.96484375 0.58984375 0.0556640625 0.0556640625
2 0.2763671875 0.9638671875 0.0537109375 0.0537109375
3 0.216796875 0.466796875 0.0595703125 0.0595703125
0 0.46484375 0.52734375 0.0556640625 0.0556640625
1 0.0283203125 0.6533203125 0.056640625 0.056640625
2 0.5908203125 0.5283203125 0.0576171875 0.0576171875
3 0.77734375 0.58984375 0.0556640625 0.0556640625
0 0.712890625 0.087890625 0.0517578125 0.0517578125
1 0.1513671875 0.9013671875 0.052734375 0.052734375
2 0.40234375 0.40234375 0.0556640625 0.0556640625
3 0.900390625 0.212890625 0.05078125 0.05078125
0 0.7119140625 0.7744140625 0.048828125 0.048828125
1 0.4658203125 0.3408203125 0.056640625 0.056640625
2 0.1494140625 0.5244140625 0.0498046875 0.0498046875
3 0.3359375 0.5234375 0.0478515625 0.0478515625
0 0.8388671875 0.6513671875 0.052734375 0.052734375
1 0.33984375 0.33984375 0.0556640625 0.0556640625
2 0.087890625 0.150390625 0.0517578125 0.0517578125
3 0.154296875 0.591796875 0.05859375 0.05859375
0 0.4033203125 0.8408203125 0.0576171875 0.0576171875
1 0.08984375 0.21484375 0.0556640625 0.0556640625
2 0.462890625 0.087890625 0.05078125 0.05078125
3 0.525390625 0.712890625 0.0517578125 0.0517578125
