0 0.9033203125 0.9033203125 0.056640625 0.056640625
1 0.0908203125 0.0908203125 0.056640625 0.056640625
2 0.3408203125 0.9658203125 0.056640625 0.056640625
3 0.6513671875 0.7138671875 0.0537109375 0.0537109375
0 0.7138671875 0.2763671875 0.0537109375 0.0537109375
1 0.4013671875 0.0263671875 0.052734375 0.052734375
2 0.900390625 0.025390625 0.0517578125 0.0517578125
3 0.52734375 0.65234375 0.0546875 0.0546875
0 0.08984375 0.27734375 0.0546875 0.0546875
1 0.1484375 0.2109375 0.0478515625 0.0478515625
2 0.5283203125 0.4658203125 0.056640625 0.056640625
3 0.7138671875 0.0263671875 0.0537109375 0.0537109375
0 0.52734375 0.21484375 0.0546875 0.0546875
1 0.775390625 0.087890625 0.05078125 0.05078125
2 0.275390625 0.712890625 0.05078125 0.05078125
3 0.0859375 0.8984375 0.0478515625 0.0478515625
0 0.337890625 0.462890625 0.05078125 0.05078125
1 0.091796875 0.779296875 0.05859375 0.05859375
2 0.8984375 0.5234375 0.0478515625 0.0478515625
3 0.71484375 0.33984375 0.0546875 0.0546875
0 0.3359375 0.1484375 0.0478515625 0.0478515625
1 0.837890625 0.900390625 0.0517578125 0.0517578125
2 0.9609375 0.3359375 0.0478515625 0.0478515625
3 0.5869140625 0.2744140625 0.0498046875 0.0498046875
0 0.0263671875 0.0888671875 0.0537109375 0.0537109375
1 0.7744140625 0.5244140625 0.0498046875 0.0498046875
2 0.9658203125 0.9033203125 0.056640625 0.056640625
3 0.8984375 0.4609375 0.046875 0.046875
0 0.5283203125 0.4033203125 0.056640625 0.056640625
1 0.4033203125 0.5283203125 0.056640625 0.056640625
2 0.5283203125 0.9658203125 0.056640625 0.056640625
3 0.4033203125 0.1533203125 0.0576171875 0.0576171875
0 0.6484375 0.5859375 0.0478515625 0.0478515625
1 0.7138671875 0.5888671875 0.052734375 0.052734375
2 0.0869140625 0.8369140625 0.048828125 0.048828125
3 0.4609375 0.5234375 0.0478515625 0.0478515625
0 0.2119140625 0.2744140625 0.048828125 0.048828125
1 0.5888671875 0.3388671875 0.0537109375 0.0537109375
2 0.7734375 0.1484375 0.0478515625 0.0478515625
3 0.4033203125 0.8408203125 0.056640625 0.056640625
