0 0.7783203125 0.9033203125 0.056640625 0.056640625
1 0.6513671875 0.2138671875 0.052734375 0.052734375
2 0.029296875 0.154296875 0.05859375 0.05859375
3 0.15234375 0.08984375 0.0546875 0.0546875
0 0.404296875 0.591796875 0.05859375 0.05859375
1 0.775390625 0.275390625 0.05078125 0.05078125
2 0.7158203125 0.8408203125 0.056640625 0.056640625
3 0.3408203125 0.4033203125 0.0576171875 0.0576171875
0 0.025390625 0.275390625 0.0517578125 0.0517578125
1 0.837890625 0.462890625 0.0517578125 0.0517578125
2 0.40234375 0.71484375 0.0556640625 0.0556640625
3 0.2158203125 0.2158203125 0.056640625 0.056640625
0 0.6484375 0.3984375 0.0478515625 0.0478515625
1 0.5888671875 0.3388671875 0.052734375 0.052734375
2 0.27734375 0.15234375 0.0556640625 0.0556640625
3 0.9658203125 0.9033203125 0.0576171875 0.0576171875
0 0.654296875 0.716796875 0.05859375 0.05859375
1 0.4619140625 0.6494140625 0.0498046875 0.0498046875
2 0.7158203125 0.5283203125 0.056640625 0.056640625
3 0.962890625 0.650390625 0.0517578125 0.0517578125
0 0.5859375 0.3984375 0.0478515625 0.0478515625
1 0.091796875 0.216796875 0.05859375 0.05859375
2 0.6484375 0.3359375 0.0478515625 0.0478515625
3 0.8994140625 0.8369140625 0.0498046875 0.0498046875
0 0.4619140625 0.2119140625 0.048828125 0.048828125
1 0.1533203125 0.4658203125 0.056640625 0.056640625
2 0.4609375 0.3984375 0.0478515625 0.0478515625
3 0.3359375 0.1484375 0.046875 0.046875
0 0.404296875 0.341796875 0.05859375 0.05859375
1 0.5263671875 0.0263671875 0.052734375 0.052734375
2 0.1513671875 0.3388671875 0.052734375 0.052734375
3 0.21484375 0.40234375 0.0556640625 0.0556640625
0 0.337890625 0.275390625 0.0517578125 0.0517578125
1 0.7138671875 0.3388671875 0.052734375 0.052734375
2 0.962890625 0.337890625 0.0517578125 0.0517578125
3 0.1484375 0.9609375 0.0478515625 0.0478515625
0 0.9033203125 0.5908203125 0.056640625 0.056640625
1 0.21484375 0.02734375 0.0546875 0.0546875
2 0.9033203125 0.9658203125 0.0576171875 0.0576171875
3 0.9033203125 0.4033203125 0.0576171875 0.0576171875
