0 0.0263671875 0.9638671875 0.0537109375 0.0537109375
1 0.2158203125 0.7158203125 0.056640625 0.056640625
2 0.3408203125 0.0283203125 0.0576171875 0.0576171875
3 0.1513671875 0.0263671875 0.0537109375 0.0537109375
0 0.3369140625 0.2744140625 0.0498046875 0.0498046875
1 0.3984375 0.5859375 0.0478515625 0.0478515625
2 0.150390625 0.650390625 0.05078125 0.05078125
3 0.837890625 0.775390625 0.05078125 0.05078125
0 0.2744140625 0.1494140625 0.048828125 0.048828125
1 0.5263671875 0.7763671875 0.0537109375 0.0537109375
2 0.0888671875 0.0888671875 0.0537109375 0.0537109375
3 0.2744140625 0.0244140625 0.048828125 0.048828125
0 0.275390625 0.900390625 0.0517578125 0.0517578125
1 0.5234375 0.8359375 0.046875 0.046875
2 0.529296875 0.154296875 0.05859375 0.05859375
3 0.837890625 0.212890625 0.0517578125 0.0517578125
0 0.900390625 0.025390625 0.05078125 0.05078125
1 0.462890625 0.275390625 0.05078125 0.05078125
2 0.21484375 0.02734375 0.0556640625 0.0556640625
3 0.1513671875 0.5263671875 0.0537109375 0.0537109375
0 0.7119140625 0.8994140625 0.0498046875 0.0498046875
1 0.33984375 0.58984375 0.0546875 0.0546875
2 0.9638671875 0.4638671875 0.0537109375 0.0537109375
3 0.7158203125 0.0908203125 0.056640625 0.056640625
0 0.2119140625 0.0869140625 0.0498046875 0.0498046875
1 0.591796875 0.654296875 0.05859375 0.05859375
2 0.8984375 0.2109375 0.046875 0.046875
3 0.025390625 0.587890625 0.0517578125 0.0517578125
0 0.0869140625 0.2744140625 0.048828125 0.048828125
1 0.5283203125 0.0283203125 0.056640625 0.056640625
2 0.9638671875 0.6513671875 0.0537109375 0.0537109375
3 0.02734375 0.08984375 0.0546875 0.0546875
0 0.58984375 0.46484375 0.0556640625 0.0556640625
1 0.4609375 0.7734375 0.0478515625 0.0478515625
2 0.4638671875 0.5263671875 0.0537109375 0.0537109375
3 0.091796875 0.654296875 0.05859375 0.05859375
0 0.15234375 0.58984375 0.0556640625 0.0556640625
1 0.0869140625 0.5244140625 0.048828125 0.048828125
2 0.654296875 0.216796875 0.05859375 0.05859375
3 0.3984375 0.1484375 0.046875 0.046875
