0 0.4609375 0.5234375 0.046875 0.046875
1 0.779296875 0.529296875 0.05859375 0.05859375
2 0.65234375 0.58984375 0.0546875 0.0546875
3 0.5869140625 0.9619140625 0.048828125 0.048828125
0 0.404296875 0.216796875 0.05859375 0.05859375
1 0.8359375 0.3984375 0.0478515625 0.0478515625
2 0.9619140625 0.2119140625 0.0498046875 0.0498046875
3 0.83984375 0.02734375 0.0556640625 0.0556640625
0 0.4013671875 0.4013671875 0.0537109375 0.0537109375
1 0.3994140625 0.0244140625 0.048828125 0.048828125
2 0.6533203125 0.0908203125 0.056640625 0.056640625
3 0.4619140625 0.0869140625 0.048828125 0.048828125
0 0.9013671875 0.8388671875 0.0537109375 0.0537109375
1 0.2734375 0.7734375 0.0478515625 0.0478515625
2 0.529296875 0.091796875 0.05859375 0.05859375
3 0.33984375 0.77734375 0.0556640625 0.0556640625
0 0.15234375 0.58984375 0.0556640625 0.0556640625
1 0.466796875 0.279296875 0.0595703125 0.0595703125
2 0.525390625 0.900390625 0.0517578125 0.0517578125
3 0.77734375 0.02734375 0.0546875 0.0546875
0 0.900390625 0.650390625 0.0517578125 0.0517578125
1 0.0263671875 0.0888671875 0.052734375 0.052734375
2 0.52734375 0.83984375 0.0556640625 0.0556640625
3 0.9609375 0.9609375 0.0478515625 0.0478515625
0 0.2158203125 0.0283203125 0.056640625 0.056640625
1 0.3408203125 0.0908203125 0.056640625 0.056640625
2 0.6494140625 0.8369140625 0.048828125 0.048828125
3 0.8369140625 0.8994140625 0.048828125 0.048828125
0 0.4033203125 0.7158203125 0.056640625 0.056640625
1 0.0859375 0.5234375 0.046875 0.046875
2 0.4609375 0.1484375 0.0478515625 0.0478515625
3 0.2138671875 0.6513671875 0.052734375 0.052734375
0 0.837890625 0.150390625 0.0517578125 0.0517578125
1 0.02734375 0.46484375 0.0546875 0.0546875
2 0.02734375 0.02734375 0.0556640625 0.0556640625
3 0.9033203125 0.3408203125 0.0576171875 0.0576171875
0 0.525390625 0.025390625 0.0517578125 0.0517578125
1 0.0908203125 0.4658203125 0.0576171875 0.0576171875
2 0.7158203125 0.0908203125 0.056640625 0.056640625
3 0.154296875 0.404296875 0.05859375 0.05859375
