0 0.02734375 0.96484375 0.0546875 0.0546875
1 0.7763671875 0.6513671875 0.052734375 0.052734375
2 0.27734375 0.90234375 0.0556640625 0.0556640625
3 0.5244140625 0.8369140625 0.0498046875 0.0498046875
0 0.0869140625 0.4619140625 0.0498046875 0.0498046875
1 0.904296875 0.904296875 0.05859375 0.05859375
2 0.6484375 0.4609375 0.0478515625 0.0478515625
3 0.27734375 0.21484375 0.0556640625 0.0556640625
0 0.7763671875 0.8388671875 0.052734375 0.052734375
1 0.3369140625 0.5869140625 0.0498046875 0.0498046875
2 0.71484375 0.77734375 0.0556640625 0.0556640625
3 0.5283203125 0.6533203125 0.0576171875 0.0576171875
0 0.5859375 0.7109375 0.046875 0.046875
1 0.4638671875 0.0263671875 0.0537109375 0.0537109375
2 0.2158203125 0.1533203125 0.0576171875 0.0576171875
3 0.7119140625 0.5244140625 0.048828125 0.048828125
0 0.5283203125 0.4658203125 0.056640625 0.056640625
1 0.3369140625 0.3369140625 0.048828125 0.048828125
2 0.3388671875 0.9013671875 0.0537109375 0.0537109375
3 0.8388671875 0.0888671875 0.052734375 0.052734375
0 0.3359375 0.8359375 0.0478515625 0.0478515625
1 0.5869140625 0.4619140625 0.048828125 0.048828125
2 0.0244140625 0.6494140625 0.048828125 0.048828125
3 0.716796875 0.216796875 0.05859375 0.05859375
0 0.4638671875 0.1513671875 0.052734375 0.052734375
1 0.08984375 0.40234375 0.0556640625 0.0556640625
2 0.8359375 0.4609375 0.0478515625 0.0478515625
3 0.087890625 0.712890625 0.0517578125 0.0517578125
0 0.9638671875 0.0263671875 0.052734375 0.052734375
1 0.40234375 0.27734375 0.0546875 0.0546875
2 0.65234375 0.83984375 0.0556640625 0.0556640625
3 0.962890625 0.837890625 0.05078125 0.05078125
0 0.0869140625 0.5869140625 0.048828125 0.048828125
1 0.52734375 0.27734375 0.0546875 0.0546875
2 0.21484375 0.96484375 0.0556640625 0.0556640625
3 0.83984375 0.65234375 0.0546875 0.0546875
0 0.58984375 0.65234375 0.0546875 0.0546875
1 0.4638671875 0.7763671875 0.052734375 0.052734375
2 0.1533203125 0.7783203125 0.056640625 0.056640625
3 0.7138671875 0.0263671875 0.052734375 0.052734375
