0 0.279296875 0.404296875 0.05859375 0.05859375
1 0.025390625 0.587890625 0.0517578125 0.0517578125
2 0.712890625 0.400390625 0.05078125 0.05078125
3 0.9033203125 0.8408203125 0.056640625 0.056640625
0 0.1494140625 0.1494140625 0.048828125 0.048828125
1 0.275390625 0.087890625 0.0517578125 0.0517578125
2 0.900390625 0.525390625 0.05078125 0.05078125
3 0.4658203125 0.0908203125 0.0576171875 0.0576171875
0 0.0908203125 0.4658203125 0.056640625 0.056640625
1 0.400390625 0.962890625 0.0517578125 0.0517578125
2 0.650390625 0.087890625 0.0517578125 0.0517578125
3 0.7763671875 0.6513671875 0.052734375 0.052734375
0 0.1533203125 0.7783203125 0.056640625 0.056640625
1 0.5263671875 0.0888671875 0.052734375 0.052734375
2 0.8359375 0.8984375 0.046875 0.046875
3 0.7763671875 0.4013671875 0.052734375 0.052734375
0 0.462890625 0.462890625 0.05078125 0.05078125
1 0.83984375 0.58984375 0.0546875 0.0546875
2 0.8994140625 0.3994140625 0.048828125 0.048828125
3 0.7783203125 0.1533203125 0.056640625 0.056640625
0 0.3994140625 0.2744140625 0.048828125 0.048828125
1 0.5908203125 0.4033203125 0.0576171875 0.0576171875
2 0.6494140625 0.6494140625 0.048828125 0.048828125
3 0.904296875 0.966796875 0.05859375 0.05859375
0 0.154296875 0.966796875 0.05859375 0.05859375
1 0.9619140625 0.3994140625 0.048828125 0.048828125
2 0.6484375 0.7109375 0.0478515625 0.0478515625
3 0.966796875 0.529296875 0.05859375 0.05859375
0 0.654296875 0.154296875 0.05859375 0.05859375
1 0.779296875 0.529296875 0.05859375 0.05859375
2 0.904296875 0.154296875 0.05859375 0.05859375
3 0.0244140625 0.0869140625 0.048828125 0.048828125
0 0.4638671875 0.1513671875 0.052734375 0.052734375
1 0.52734375 0.77734375 0.0556640625 0.0556640625
2 0.08984375 0.96484375 0.0556640625 0.0556640625
3 0.3408203125 0.2158203125 0.056640625 0.056640625
0 0.5908203125 0.9033203125 0.0576171875 0.0576171875
1 0.65234375 0.02734375 0.0556640625 0.0556640625
2 0.6513671875 0.8388671875 0.0537109375 0.0537109375
3 0.650390625 0.525390625 0.05078125 0.05078125
