0 0.6484375 0.4609375 0.0478515625 0.0478515625
1 0.404296875 0.779296875 0.0595703125 0.0595703125
2 0.1513671875 0.7763671875 0.052734375 0.052734375
3 0.08984375 0.40234375 0.0546875 0.0546875
0 0.775390625 0.525390625 0.0517578125 0.0517578125
1 0.529296875 0.529296875 0.0595703125 0.0595703125
2 0.1533203125 0.9658203125 0.0576171875 0.0576171875
3 0.4033203125 0.3408203125 0.0576171875 0.0576171875
0 0.65234375 0.02734375 0.0556640625 0.0556640625
1 0.5234375 0.3359375 0.0478515625 0.0478515625
2 0.27734375 0.52734375 0.0546875 0.0546875
3 0.341796875 0.279296875 0.05859375 0.05859375
0 0.6533203125 0.3408203125 0.0576171875 0.0576171875
1 0.0859375 0.8359375 0.046875 0.046875
2 0.33984375 0.02734375 0.0546875 0.0546875
3 0.3369140625 0.1494140625 0.048828125 0.048828125
0 0.33984375 0.46484375 0.0556640625 0.0556640625
1 0.0283203125 0.0283203125 0.056640625 0.056640625
2 0.6494140625 0.0869140625 0.0498046875 0.0498046875
3 0.8359375 0.4609375 0.0478515625 0.0478515625
0 0.71484375 0.46484375 0.0556640625 0.0556640625
1 0.466796875 0.404296875 0.0595703125 0.0595703125
2 0.90234375 0.65234375 0.0546875 0.0546875
3 0.029296875 0.654296875 0.05859375 0.05859375
0 0.6494140625 0.7119140625 0.0498046875 0.0498046875
1 0.1494140625 0.2744140625 0.0498046875 0.0498046875
2 0.775390625 0.962890625 0.0517578125 0.0517578125
3 0.091796875 0.654296875 0.05859375 0.05859375
0 0.0908203125 0.4658203125 0.056640625 0.056640625
1 0.025390625 0.462890625 0.05078125 0.05078125
2 0.7763671875 0.8388671875 0.052734375 0.052734375
3 0.0869140625 0.7119140625 0.048828125 0.048828125
0 0.966796875 0.591796875 0.05859375 0.05859375
1 0.21484375 0.21484375 0.0546875 0.0546875
2 0.0234375 0.5859375 0.046875 0.046875
3 0.7138671875 0.7138671875 0.0537109375 0.0537109375
0 0.96484375 0.77734375 0.0546875 0.0546875
1 0.900390625 0.337890625 0.05078125 0.05078125
2 0.7783203125 0.5908203125 0.0576171875 0.0576171875
3 0.337890625 0.712890625 0.0517578125 0.0517578125
