0 0.712890625 0.525390625 0.0517578125 0.0517578125
1 0.150390625 0.212890625 0.05078125 0.05078125
2 0.7744140625 0.2744140625 0.0498046875 0.0498046875
3 0.7744140625 0.3994140625 0.048828125 0.048828125
0 0.58984375 0.71484375 0.0546875 0.0546875
1 0.6533203125 0.8408203125 0.056640625 0.056640625
2 0.400390625 0.900390625 0.05078125 0.05078125
3 0.3408203125 0.5283203125 0.056640625 0.056640625
0 0.2783203125 0.9033203125 0.0576171875 0.0576171875
1 0.4619140625 0.1494140625 0.0498046875 0.0498046875
2 0.46484375 0.58984375 0.0556640625 0.0556640625
3 0.3408203125 0.8408203125 0.056640625 0.056640625
0 0.8388671875 0.0888671875 0.0537109375 0.0537109375
1 0.9033203125 0.9658203125 0.056640625 0.056640625
2 0.77734375 0.90234375 0.0546875 0.0546875
3 0.4013671875 0.9638671875 0.0537109375 0.0537109375
0 0.83984375 0.90234375 0.0556640625 0.0556640625
1 0.71484375 0.08984375 0.0546875 0.0546875
2 0.90234375 0.40234375 0.0546875 0.0546875
3 0.2158203125 0.3408203125 0.0576171875 0.0576171875
0 0.2158203125 0.9033203125 0.0576171875 0.0576171875
1 0.0263671875 0.9638671875 0.052734375 0.052734375
2 0.900390625 0.837890625 0.0517578125 0.0517578125
3 0.2158203125 0.6533203125 0.0576171875 0.0576171875
0 0.40234375 0.58984375 0.0546875 0.0546875
1 0.966796875 0.279296875 0.0595703125 0.0595703125
2 0.7783203125 0.2158203125 0.0576171875 0.0576171875
3 0.7734375 0.6484375 0.046875 0.046875
0 0.2744140625 0.0244140625 0.0498046875 0.0498046875
1 0.029296875 0.091796875 0.0595703125 0.0595703125
2 0.4609375 0.0859375 0.046875 0.046875
3 0.5283203125 0.0283203125 0.056640625 0.056640625
0 0.8994140625 0.1494140625 0.048828125 0.048828125
1 0.4609375 0.0234375 0.046875 0.046875
2 0.1494140625 0.6494140625 0.048828125 0.048828125
3 0.279296875 0.466796875 0.05859375 0.05859375
0 0.8984375 0.7734375 0.0478515625 0.0478515625
1 0.2744140625 0.2119140625 0.0498046875 0.0498046875
2 0.8984375 0.2109375 0.046875 0.046875
3 0.3984375 0.5234375 0.0478515625 0.0478515625
