0 0.2783203125 0.4033203125 0.056640625 0.056640625
1 0.0263671875 0.5263671875 0.0537109375 0.0537109375
2 0.0908203125 0.4033203125 0.056640625 0.056640625
3 0.27734375 0.27734375 0.0556640625 0.0556640625
0 0.21484375 0.71484375 0.0556640625 0.0556640625
1 0.1484375 0.1484375 0.0478515625 0.0478515625
2 0.6484375 0.4609375 0.0478515625 0.0478515625
3 0.6494140625 0.5869140625 0.048828125 0.048828125
0 0.0859375 0.0859375 0.046875 0.046875
1 0.650390625 0.525390625 0.05078125 0.05078125
2 0.525390625 0.650390625 0.0517578125 0.0517578125
3 0.02734375 0.02734375 0.0556640625 0.0556640625
0 0.8994140625 0.4619140625 0.0498046875 0.0498046875
1 0.9619140625 0.4619140625 0.048828125 0.048828125
2 0.779296875 0.841796875 0.05859375 0.05859375
3 0.5234375 0.2109375 0.0478515625 0.0478515625
0 0.7763671875 0.5263671875 0.0537109375 0.0537109375
1 0.525390625 0.587890625 0.0517578125 0.0517578125
2 0.654296875 0.029296875 0.05859375 0.05859375
3 0.5859375 0.3359375 0.0478515625 0.0478515625
0 0.2783203125 0.6533203125 0.0576171875 0.0576171875
1 0.529296875 0.341796875 0.05859375 0.05859375
2 0.962890625 0.525390625 0.05078125 0.05078125
3 0.3994140625 0.0244140625 0.048828125 0.048828125
0 0.091796875 0.279296875 0.05859375 0.05859375
1 0.27734375 0.33984375 0.0546875 0.0546875
2 0.2783203125 0.2158203125 0.0576171875 0.0576171875
3 0.9619140625 0.3994140625 0.0498046875 0.0498046875
0 0.654296875 0.216796875 0.0595703125 0.0595703125
1 0.4033203125 0.0908203125 0.056640625 0.056640625
2 0.46484375 0.33984375 0.0546875 0.0546875
3 0.2783203125 0.0908203125 0.0576171875 0.0576171875
0 0.212890625 0.462890625 0.0517578125 0.0517578125
1 0.2138671875 0.9013671875 0.0537109375 0.0537109375
2 0.21484375 0.27734375 0.0556640625 0.0556640625
3 0.15234375 0.46484375 0.0546875 0.0546875
0 0.3994140625 0.8994140625 0.0498046875 0.0498046875
1 0.779296875 0.654296875 0.0595703125 0.0595703125
2 0.712890625 0.462890625 0.05078125 0.05078125
3 0.3994140625 0.9619140625 0.0498046875 0.0498046875
