0 0.77734375 0.83984375 0.0556640625 0.0556640625
1 0.654296875 0.341796875 0.0595703125 0.0595703125
2 0.27734375 0.52734375 0.0546875 0.0546875
3 0.9609375 0.9609375 0.0478515625 0.0478515625
0 0.71484375 0.02734375 0.0546875 0.0546875
1 0.591796875 0.654296875 0.05859375 0.05859375
2 0.9619140625 0.2744140625 0.048828125 0.048828125
3 0.650390625 0.900390625 0.0517578125 0.0517578125
0 0.8984375 0.1484375 0.0478515625 0.0478515625
1 0.0283203125 0.6533203125 0.0576171875 0.0576171875
2 0.4658203125 0.2158203125 0.056640625 0.056640625
3 0.08984375 0.71484375 0.0556640625 0.0556640625
0 0.9638671875 0.4638671875 0.052734375 0.052734375
1 0.2119140625 0.2119140625 0.048828125 0.048828125
2 0.5263671875 0.0263671875 0.052734375 0.052734375
3 0.9619140625 0.0244140625 0.048828125 0.048828125
0 0.337890625 0.462890625 0.05078125 0.05078125
1 0.650390625 0.087890625 0.0517578125 0.0517578125
2 0.5244140625 0.8369140625 0.048828125 0.048828125
3 0.3369140625 0.1494140625 0.048828125 0.048828125
0 0.2734375 0.0234375 0.0478515625 0.0478515625
1 0.6494140625 0.0244140625 0.048828125 0.048828125
2 0.7783203125 0.1533203125 0.0576171875 0.0576171875
3 0.775390625 0.025390625 0.05078125 0.05078125
0 0.962890625 0.525390625 0.0517578125 0.0517578125
1 0.27734375 0.33984375 0.0546875 0.0546875
2 0.087890625 0.150390625 0.05078125 0.05078125
3 0.58984375 0.83984375 0.0546875 0.0546875
0 0.3984375 0.0859375 0.0478515625 0.0478515625
1 0.71484375 0.15234375 0.0556640625 0.0556640625
2 0.7109375 0.9609375 0.0478515625 0.0478515625
3 0.4033203125 0.9033203125 0.0576171875 0.0576171875
0 0.46484375 0.71484375 0.0546875 0.0546875
1 0.3994140625 0.2744140625 0.048828125 0.048828125
2 0.1484375 0.3359375 0.0478515625 0.0478515625
3 0.0869140625 0.8369140625 0.0498046875 0.0498046875
0 0.02734375 0.15234375 0.0556640625 0.0556640625
1 0.587890625 0.775390625 0.05078125 0.05078125
2 0.4658203125 0.5283203125 0.0576171875 0.0576171875
3 0.0244140625 0.2119140625 0.0498046875 0.0498046875
