0 0.9658203125 0.8408203125 0.0576171875 0.0576171875
1 0.9619140625 0.2744140625 0.048828125 0.048828125
2 0.7109375 0.0859375 0.046875 0.046875
3 0.5263671875 0.3388671875 0.052734375 0.052734375
0 0.33984375 0.77734375 0.0556640625 0.0556640625
1 0.6484375 0.1484375 0.0478515625 0.0478515625
2 0.9033203125 0.6533203125 0.0576171875 0.0576171875
3 0.71484375 0.33984375 0.0546875 0.0546875
0 0.2109375 0.2734375 0.046875 0.046875
1 0.400390625 0.587890625 0.05078125 0.05078125
2 0.6533203125 0.8408203125 0.0576171875 0.0576171875
3 0.9638671875 0.6513671875 0.052734375 0.052734375
0 0.2734375 0.3359375 0.046875 0.046875
1 0.58984375 0.65234375 0.0556640625 0.0556640625
2 0.8369140625 0.6494140625 0.048828125 0.048828125
3 0.83984375 0.58984375 0.0556640625 0.0556640625
0 0.90234375 0.96484375 0.0546875 0.0546875
1 0.5263671875 0.2763671875 0.0537109375 0.0537109375
2 0.2119140625 0.0244140625 0.048828125 0.048828125
3 0.4638671875 0.0263671875 0.052734375 0.052734375
0 0.7763671875 0.8388671875 0.0537109375 0.0537109375
1 0.8408203125 0.4033203125 0.056640625 0.056640625
2 0.2119140625 0.0869140625 0.048828125 0.048828125
3 0.8408203125 0.2158203125 0.0576171875 0.0576171875
0 0.150390625 0.087890625 0.05078125 0.05078125
1 0.2783203125 0.5283203125 0.0576171875 0.0576171875
2 0.216796875 0.529296875 0.05859375 0.05859375
3 0.9013671875 0.8388671875 0.052734375 0.052734375
0 0.02734375 0.02734375 0.0546875 0.0546875
1 0.0888671875 0.3388671875 0.0537109375 0.0537109375
2 0.2138671875 0.4638671875 0.052734375 0.052734375
3 0.96484375 0.96484375 0.0556640625 0.0556640625
0 0.5888671875 0.4638671875 0.052734375 0.052734375
1 0.962890625 0.462890625 0.05078125 0.05078125
2 0.9619140625 0.0869140625 0.048828125 0.048828125
3 0.7158203125 0.5908203125 0.0576171875 0.0576171875
0 0.962890625 0.025390625 0.05078125 0.05078125
1 0.5888671875 0.4013671875 0.052734375 0.052734375
2 0.025390625 0.400390625 0.0517578125 0.0517578125
3 0.091796875 0.779296875 0.05859375 0.05859375
