0 0.2734375 0.2734375 0.0478515625 0.0478515625
1 0.7109375 0.2734375 0.046875 0.046875
2 0.52734375 0.58984375 0.0546875 0.0546875
3 0.9013671875 0.2138671875 0.052734375 0.052734375
0 0.9033203125 0.8408203125 0.0576171875 0.0576171875
1 0.0283203125 0.0283203125 0.0576171875 0.0576171875
2 0.8388671875 0.6513671875 0.0537109375 0.0537109375
3 0.4619140625 0.0244140625 0.048828125 0.048828125
0 0.52734375 0.77734375 0.0546875 0.0546875
1 0.1533203125 0.0908203125 0.0576171875 0.0576171875
2 0.712890625 0.587890625 0.05078125 0.05078125
3 0.4033203125 0.4033203125 0.0576171875 0.0576171875
0 0.2119140625 0.9619140625 0.048828125 0.048828125
1 0.712890625 0.900390625 0.05078125 0.05078125
2 0.7763671875 0.0263671875 0.0537109375 0.0537109375
3 0.1494140625 0.5869140625 0.0498046875 0.0498046875
0 0.275390625 0.712890625 0.0517578125 0.0517578125
1 0.5234375 0.6484375 0.0478515625 0.0478515625
2 0.7783203125 0.9033203125 0.056640625 0.056640625
3 0.212890625 0.775390625 0.05078125 0.05078125
0 0.279296875 0.029296875 0.05859375 0.05859375
1 0.33984375 0.46484375 0.0556640625 0.0556640625
2 0.337890625 0.900390625 0.0517578125 0.0517578125
3 0.4033203125 0.7158203125 0.0576171875 0.0576171875
0 0.216796875 0.404296875 0.05859375 0.05859375
1 0.2119140625 0.8369140625 0.048828125 0.048828125
2 0.6533203125 0.0283203125 0.056640625 0.056640625
3 0.2119140625 0.5244140625 0.0498046875 0.0498046875
0 0.4619140625 0.7119140625 0.048828125 0.048828125
1 0.4619140625 0.2744140625 0.048828125 0.048828125
2 0.3388671875 0.5888671875 0.052734375 0.052734375
3 0.21484375 0.71484375 0.0546875 0.0546875
0 0.150390625 0.775390625 0.05078125 0.05078125
1 0.5908203125 0.1533203125 0.0576171875 0.0576171875
2 0.90234375 0.40234375 0.0546875 0.0546875
3 0.15234375 0.27734375 0.0546875 0.0546875
0 0.5869140625 0.6494140625 0.0498046875 0.0498046875
1 0.4658203125 0.0908203125 0.056640625 0.056640625
2 0.3369140625 0.0244140625 0.048828125 0.048828125
3 0.087890625 0.337890625 0.0517578125 0.0517578125
