0 0.400390625 0.525390625 0.0517578125 0.0517578125
1 0.9638671875 0.5263671875 0.052734375 0.052734375
2 0.8408203125 0.4658203125 0.0576171875 0.0576171875
3 0.216796875 0.466796875 0.0595703125 0.0595703125
0 0.7119140625 0.7744140625 0.0498046875 0.0498046875
1 0.9638671875 0.4638671875 0.0537109375 0.0537109375
2 0.7138671875 0.5263671875 0.052734375 0.052734375
3 0.5908203125 0.0283203125 0.0576171875 0.0576171875
0 0.4609375 0.2734375 0.0478515625 0.0478515625
1 0.7763671875 0.2138671875 0.052734375 0.052734375
2 0.4658203125 0.4658203125 0.0576171875 0.0576171875
3 0.5234375 0.7109375 0.0478515625 0.0478515625
0 0.27734375 0.71484375 0.0556640625 0.0556640625
1 0.5888671875 0.3388671875 0.052734375 0.052734375
2 0.52734375 0.46484375 0.0556640625 0.0556640625
3 0.2783203125 0.8408203125 0.056640625 0.056640625
0 0.46484375 0.65234375 0.0546875 0.0546875
1 0.27734375 0.15234375 0.0556640625 0.0556640625
2 0.9619140625 0.0869140625 0.048828125 0.048828125
3 0.7763671875 0.5888671875 0.052734375 0.052734375
0 0.087890625 0.462890625 0.0517578125 0.0517578125
1 0.712890625 0.087890625 0.0517578125 0.0517578125
2 0.5869140625 0.2119140625 0.0498046875 0.0498046875
3 0.025390625 0.212890625 0.05078125 0.05078125
0 0.091796875 0.529296875 0.05859375 0.05859375
1 0.462890625 0.837890625 0.0517578125 0.0517578125
2 0.5283203125 0.0283203125 0.056640625 0.056640625
3 0.1533203125 0.0908203125 0.056640625 0.056640625
0 0.1533203125 0.3408203125 0.0576171875 0.0576171875
1 0.3984375 0.0859375 0.046875 0.046875
2 0.0888671875 0.0263671875 0.052734375 0.052734375
3 0.904296875 0.904296875 0.05859375 0.05859375
0 0.52734375 0.77734375 0.0556640625 0.0556640625
1 0.0888671875 0.7763671875 0.052734375 0.052734375
2 0.46484375 0.40234375 0.0556640625 0.0556640625
3 0.27734375 0.58984375 0.0556640625 0.0556640625
0 0.212890625 0.587890625 0.05078125 0.05078125
1 0.841796875 0.279296875 0.05859375 0.05859375
2 0.4013671875 0.9638671875 0.0537109375 0.0537109375
3 0.091796875 0.716796875 0.0595703125 0.0595703125
