0 0.9619140625 0.7744140625 0.0498046875 0.0498046875
1 0.400390625 0.087890625 0.05078125 0.05078125
2 0.841796875 0.966796875 0.05859375 0.05859375
3 0.3994140625 0.7119140625 0.0498046875 0.0498046875
0 0.904296875 0.216796875 0.05859375 0.05859375
1 0.779296875 0.466796875 0.05859375 0.05859375
2 0.0908203125 0.0908203125 0.0576171875 0.0576171875
3 0.3388671875 0.3388671875 0.052734375 0.052734375
0 0.7138671875 0.0888671875 0.0537109375 0.0537109375
1 0.275390625 0.587890625 0.0517578125 0.0517578125
2 0.2734375 0.8984375 0.046875 0.046875
3 0.9033203125 0.4033203125 0.0576171875 0.0576171875
0 0.529296875 0.904296875 0.05859375 0.05859375
1 0.0263671875 0.1513671875 0.0537109375 0.0537109375
2 0.5244140625 0.2744140625 0.0498046875 0.0498046875
3 0.4638671875 0.3388671875 0.052734375 0.052734375
0 0.1494140625 0.0244140625 0.0498046875 0.0498046875
1 0.4033203125 0.9658203125 0.0576171875 0.0576171875
2 0.341796875 0.779296875 0.05859375 0.05859375
3 0.8359375 0.0234375 0.0478515625 0.0478515625
0 0.8408203125 0.9033203125 0.056640625 0.056640625
1 0.4609375 0.5859375 0.0478515625 0.0478515625
2 0.46484375 0.02734375 0.0546875 0.0546875
3 0.0234375 0.0234375 0.0478515625 0.0478515625
0 0.71484375 0.77734375 0.0546875 0.0546875
1 0.400390625 0.150390625 0.05078125 0.05078125
2 0.5869140625 0.7119140625 0.048828125 0.048828125
3 0.4638671875 0.2763671875 0.052734375 0.052734375
0 0.154296875 0.841796875 0.05859375 0.05859375
1 0.5283203125 0.3408203125 0.056640625 0.056640625
2 0.77734375 0.33984375 0.0556640625 0.0556640625
3 0.1484375 0.2734375 0.0478515625 0.0478515625
0 0.65234375 0.71484375 0.0546875 0.0546875
1 0.1494140625 0.9619140625 0.048828125 0.048828125
2 0.2138671875 0.1513671875 0.052734375 0.052734375
3 0.3369140625 0.4619140625 0.048828125 0.048828125
0 0.0888671875 0.7138671875 0.0537109375 0.0537109375
1 0.4033203125 0.5283203125 0.056640625 0.056640625
2 0.2734375 0.6484375 0.0478515625 0.0478515625
3 0.0869140625 0.2744140625 0.0498046875 0.0498046875
