0 0.2158203125 0.7158203125 0.0576171875 0.0576171875
1 0.591796875 0.841796875 0.05859375 0.05859375
2 0.654296875 0.466796875 0.05859375 0.05859375
3 0.0869140625 0.8994140625 0.0498046875 0.0498046875
0 0.275390625 0.025390625 0.0517578125 0.0517578125
1 0.83984375 0.02734375 0.0546875 0.0546875
2 0.8388671875 0.0888671875 0.052734375 0.052734375
3 0.462890625 0.400390625 0.05078125 0.05078125
0 0.650390625 0.337890625 0.0517578125 0.0517578125
1 0.1484375 0.2734375 0.0478515625 0.0478515625
2 0.2109375 0.1484375 0.046875 0.046875
3 0.462890625 0.025390625 0.05078125 0.05078125
0 0.0859375 0.0859375 0.0478515625 0.0478515625
1 0.0859375 0.6484375 0.0478515625 0.0478515625
2 0.7763671875 0.3388671875 0.0537109375 0.0537109375
3 0.837890625 0.962890625 0.0517578125 0.0517578125
0 0.275390625 0.650390625 0.0517578125 0.0517578125
1 0.7734375 0.5234375 0.0478515625 0.0478515625
2 0.9619140625 0.9619140625 0.0498046875 0.0498046875
3 0.3359375 0.1484375 0.0478515625 0.0478515625
0 0.8408203125 0.1533203125 0.056640625 0.056640625
1 0.7109375 0.7109375 0.0478515625 0.0478515625
2 0.1484375 0.8984375 0.046875 0.046875
3 0.8369140625 0.8994140625 0.048828125 0.048828125
0 0.33984375 0.40234375 0.0546875 0.0546875
1 0.7119140625 0.0244140625 0.048828125 0.048828125
2 0.52734375 0.77734375 0.0556640625 0.0556640625
3 0.400390625 0.712890625 0.05078125 0.05078125
0 0.3359375 0.0859375 0.0478515625 0.0478515625
1 0.4658203125 0.1533203125 0.0576171875 0.0576171875
2 0.8359375 0.5859375 0.0478515625 0.0478515625
3 0.2763671875 0.9638671875 0.0537109375 0.0537109375
0 0.27734375 0.15234375 0.0556640625 0.0556640625
1 0.650390625 0.962890625 0.05078125 0.05078125
2 0.0869140625 0.3994140625 0.0498046875 0.0498046875
3 0.3984375 0.3984375 0.0478515625 0.0478515625
0 0.841796875 0.779296875 0.0595703125 0.0595703125
1 0.9609375 0.0859375 0.046875 0.046875
2 0.71484375 0.40234375 0.0546875 0.0546875
3 0.2138671875 0.0263671875 0.052734375 0.052734375
