0 0.4658203125 0.4658203125 0.0576171875 0.0576171875
1 0.150390625 0.525390625 0.0517578125 0.0517578125
2 0.90234375 0.21484375 0.0546875 0.0546875
3 0.8388671875 0.1513671875 0.0537109375 0.0537109375
0 0.40234375 0.21484375 0.0556640625 0.0556640625
1 0.087890625 0.025390625 0.0517578125 0.0517578125
2 0.33984375 0.65234375 0.0556640625 0.0556640625
3 0.5859375 0.8984375 0.046875 0.046875
0 0.9658203125 0.3408203125 0.056640625 0.056640625
1 0.27734375 0.83984375 0.0546875 0.0546875
2 0.9619140625 0.9619140625 0.048828125 0.048828125
3 0.966796875 0.029296875 0.05859375 0.05859375
0 0.65234375 0.33984375 0.0546875 0.0546875
1 0.46484375 0.96484375 0.0546875 0.0546875
2 0.8388671875 0.3388671875 0.052734375 0.052734375
3 0.587890625 0.775390625 0.0517578125 0.0517578125
0 0.341796875 0.966796875 0.0595703125 0.0595703125
1 0.9619140625 0.3994140625 0.0498046875 0.0498046875
2 0.216796875 0.404296875 0.0595703125 0.0595703125
3 0.8408203125 0.2783203125 0.056640625 0.056640625
0 0.837890625 0.900390625 0.0517578125 0.0517578125
1 0.650390625 0.525390625 0.0517578125 0.0517578125
2 0.0263671875 0.7138671875 0.052734375 0.052734375
3 0.7119140625 0.8994140625 0.048828125 0.048828125
0 0.40234375 0.27734375 0.0546875 0.0546875
1 0.2138671875 0.4638671875 0.052734375 0.052734375
2 0.650390625 0.150390625 0.0517578125 0.0517578125
3 0.400390625 0.087890625 0.0517578125 0.0517578125
0 0.3359375 0.2109375 0.0478515625 0.0478515625
1 0.1513671875 0.0888671875 0.052734375 0.052734375
2 0.7138671875 0.0263671875 0.052734375 0.052734375
3 0.587890625 0.150390625 0.0517578125 0.0517578125
0 0.9013671875 0.0263671875 0.0537109375 0.0537109375
1 0.966796875 0.841796875 0.0595703125 0.0595703125
2 0.0283203125 0.4658203125 0.0576171875 0.0576171875
3 0.2158203125 0.1533203125 0.056640625 0.056640625
0 0.6494140625 0.3994140625 0.0498046875 0.0498046875
1 0.3408203125 0.5908203125 0.0576171875 0.0576171875
2 0.5888671875 0.0888671875 0.0537109375 0.0537109375
3 0.900390625 0.775390625 0.05078125 0.05078125
