0 0.7109375 0.5859375 0.046875 0.046875
1 0.33984375 0.90234375 0.0556640625 0.0556640625
2 0.6484375 0.0859375 0.0478515625 0.0478515625
3 0.96484375 0.65234375 0.0546875 0.0546875
0 0.2783203125 0.4658203125 0.0576171875 0.0576171875
1 0.5263671875 0.7763671875 0.052734375 0.052734375
2 0.8408203125 0.2158203125 0.056640625 0.056640625
3 0.5888671875 0.3388671875 0.0537109375 0.0537109375
0 0.466796875 0.904296875 0.05859375 0.05859375
1 0.6494140625 0.2119140625 0.0498046875 0.0498046875
2 0.3369140625 0.7119140625 0.0498046875 0.0498046875
3 0.8388671875 0.1513671875 0.0537109375 0.0537109375
0 0.33984375 0.52734375 0.0556640625 0.0556640625
1 0.5263671875 0.6513671875 0.0537109375 0.0537109375
2 0.9609375 0.8359375 0.046875 0.046875
3 0.83984375 0.27734375 0.0546875 0.0546875
0 0.7158203125 0.0908203125 0.0576171875 0.0576171875
1 0.591796875 0.904296875 0.05859375 0.05859375
2 0.83984375 0.71484375 0.0546875 0.0546875
3 0.33984375 0.21484375 0.0556640625 0.0556640625
0 0.1484375 0.6484375 0.0478515625 0.0478515625
1 0.2158203125 0.9658203125 0.0576171875 0.0576171875
2 0.5283203125 0.5908203125 0.0576171875 0.0576171875
3 0.2783203125 0.3408203125 0.056640625 0.056640625
0 0.7783203125 0.8408203125 0.0576171875 0.0576171875
1 0.9619140625 0.7744140625 0.0498046875 0.0498046875
2 0.029296875 0.966796875 0.05859375 0.05859375
3 0.216796875 0.091796875 0.0595703125 0.0595703125
0 0.712890625 0.837890625 0.05078125 0.05078125
1 0.96484375 0.71484375 0.0556640625 0.0556640625
2 0.341796875 0.404296875 0.05859375 0.05859375
3 0.3994140625 0.3369140625 0.048828125 0.048828125
0 0.0869140625 0.2119140625 0.048828125 0.048828125
1 0.4033203125 0.2783203125 0.0576171875 0.0576171875
2 0.3359375 0.0859375 0.0478515625 0.0478515625
3 0.0869140625 0.2744140625 0.0498046875 0.0498046875
0 0.525390625 0.025390625 0.0517578125 0.0517578125
1 0.9638671875 0.9638671875 0.052734375 0.052734375
2 0.654296875 0.154296875 0.05859375 0.05859375
3 0.212890625 0.150390625 0.05078125 0.05078125
