0 0.7744140625 0.4619140625 0.048828125 0.048828125
1 0.33984375 0.27734375 0.0556640625 0.0556640625
2 0.4638671875 0.4638671875 0.0537109375 0.0537109375
3 0.7783203125 0.5908203125 0.0576171875 0.0576171875
0 0.8408203125 0.2783203125 0.056640625 0.056640625
1 0.4013671875 0.7763671875 0.0537109375 0.0537109375
2 0.5283203125 0.1533203125 0.056640625 0.056640625
3 0.02734375 0.02734375 0.0556640625 0.0556640625
0 0.212890625 0.275390625 0.0517578125 0.0517578125
1 0.8369140625 0.3994140625 0.0498046875 0.0498046875
2 0.462890625 0.275390625 0.0517578125 0.0517578125
3 0.9658203125 0.4033203125 0.056640625 0.056640625
0 0.3984375 0.3359375 0.0478515625 0.0478515625
1 0.90234375 0.21484375 0.0546875 0.0546875
2 0.27734375 0.21484375 0.0546875 0.0546875
3 0.2138671875 0.7138671875 0.0537109375 0.0537109375
0 0.9658203125 0.4658203125 0.056640625 0.056640625
1 0.8984375 0.3984375 0.046875 0.046875
2 0.7763671875 0.9013671875 0.052734375 0.052734375
3 0.6484375 0.3984375 0.046875 0.046875
0 0.337890625 0.837890625 0.05078125 0.05078125
1 0.837890625 0.212890625 0.0517578125 0.0517578125
2 0.2158203125 0.5283203125 0.056640625 0.056640625
3 0.8984375 0.3359375 0.046875 0.046875
0 0.8994140625 0.5244140625 0.0498046875 0.0498046875
1 0.58984375 0.52734375 0.0556640625 0.0556640625
2 0.15234375 0.71484375 0.0546875 0.0546875
3 0.6484375 0.7109375 0.0478515625 0.0478515625
0 0.841796875 0.529296875 0.05859375 0.05859375
1 0.9609375 0.8984375 0.0478515625 0.0478515625
2 0.1513671875 0.3388671875 0.052734375 0.052734375
3 0.654296875 0.904296875 0.05859375 0.05859375
0 0.4619140625 0.3369140625 0.0498046875 0.0498046875
1 0.15234375 0.52734375 0.0546875 0.0546875
2 0.1533203125 0.5908203125 0.0576171875 0.0576171875
3 0.7138671875 0.8388671875 0.0537109375 0.0537109375
0 0.025390625 0.087890625 0.0517578125 0.0517578125
1 0.2158203125 0.8408203125 0.0576171875 0.0576171875
2 0.6494140625 0.6494140625 0.0498046875 0.0498046875
3 0.2734375 0.3359375 0.0478515625 0.0478515625
