0 0.9033203125 0.5283203125 0.056640625 0.056640625
1 0.1533203125 0.4658203125 0.056640625 0.056640625
2 0.9619140625 0.0244140625 0.0498046875 0.0498046875
3 0.9033203125 0.8408203125 0.056640625 0.056640625
0 0.275390625 0.025390625 0.05078125 0.05078125
1 0.650390625 0.150390625 0.05078125 0.05078125
2 0.2109375 0.8359375 0.046875 0.046875
3 0.0908203125 0.4033203125 0.056640625 0.056640625
0 0.837890625 0.212890625 0.05078125 0.05078125
1 0.40234375 0.02734375 0.0556640625 0.0556640625
2 0.341796875 0.591796875 0.0595703125 0.0595703125
3 0.150390625 0.525390625 0.0517578125 0.0517578125
0 0.029296875 0.341796875 0.05859375 0.05859375
1 0.466796875 0.966796875 0.0595703125 0.0595703125
2 0.90234375 0.65234375 0.0556640625 0.0556640625
3 0.83984375 0.02734375 0.0556640625 0.0556640625
0 0.0283203125 0.2783203125 0.0576171875 0.0576171875
1 0.4658203125 0.2783203125 0.056640625 0.056640625
2 0.5244140625 0.3994140625 0.0498046875 0.0498046875
3 0.58984375 0.52734375 0.0546875 0.0546875
0 0.5869140625 0.5869140625 0.048828125 0.048828125
1 0.650390625 0.212890625 0.0517578125 0.0517578125
2 0.904296875 0.716796875 0.0595703125 0.0595703125
3 0.212890625 0.462890625 0.05078125 0.05078125
0 0.337890625 0.150390625 0.05078125 0.05078125
1 0.65234375 0.27734375 0.0556640625 0.0556640625
2 0.0869140625 0.9619140625 0.0498046875 0.0498046875
3 0.8408203125 0.7158203125 0.056640625 0.056640625
0 0.46484375 0.77734375 0.0556640625 0.0556640625
1 0.279296875 0.779296875 0.05859375 0.05859375
2 0.029296875 0.216796875 0.0595703125 0.0595703125
3 0.8408203125 0.5283203125 0.056640625 0.056640625
0 0.96484375 0.58984375 0.0546875 0.0546875
1 0.8369140625 0.1494140625 0.0498046875 0.0498046875
2 0.962890625 0.525390625 0.05078125 0.05078125
3 0.77734375 0.96484375 0.0556640625 0.0556640625
0 0.0859375 0.1484375 0.0478515625 0.0478515625
1 0.08984375 0.77734375 0.0556640625 0.0556640625
2 0.5263671875 0.9013671875 0.052734375 0.052734375
3 0.591796875 0.279296875 0.05859375 0.05859375
