0 0.5859375 0.0234375 0.0478515625 0.0478515625
1 0.0283203125 0.4033203125 0.056640625 0.056640625
2 0.6484375 0.5859375 0.0478515625 0.0478515625
3 0.9638671875 0.5888671875 0.052734375 0.052734375
0 0.2734375 0.0234375 0.0478515625 0.0478515625
1 0.0263671875 0.0888671875 0.052734375 0.052734375
2 0.65234375 0.15234375 0.0556640625 0.0556640625
3 0.8369140625 0.2744140625 0.0498046875 0.0498046875
0 0.9619140625 0.7119140625 0.0498046875 0.0498046875
1 0.0283203125 0.8408203125 0.056640625 0.056640625
2 0.1484375 0.2109375 0.0478515625 0.0478515625
3 0.712890625 0.900390625 0.0517578125 0.0517578125
0 0.900390625 0.025390625 0.05078125 0.05078125
1 0.9013671875 0.4638671875 0.0537109375 0.0537109375
2 0.150390625 0.775390625 0.05078125 0.05078125
3 0.279296875 0.966796875 0.05859375 0.05859375
0 0.27734375 0.83984375 0.0556640625 0.0556640625
1 0.65234375 0.52734375 0.0546875 0.0546875
2 0.337890625 0.900390625 0.0517578125 0.0517578125
3 0.404296875 0.591796875 0.0595703125 0.0595703125
0 0.96484375 0.83984375 0.0546875 0.0546875
1 0.8408203125 0.9658203125 0.056640625 0.056640625
2 0.900390625 0.962890625 0.05078125 0.05078125
3 0.9609375 0.9609375 0.046875 0.046875
0 0.33984375 0.46484375 0.0546875 0.0546875
1 0.0283203125 0.0283203125 0.056640625 0.056640625
2 0.404296875 0.216796875 0.05859375 0.05859375
3 0.650390625 0.337890625 0.0517578125 0.0517578125
0 0.90234375 0.58984375 0.0546875 0.0546875
1 0.7763671875 0.2763671875 0.0537109375 0.0537109375
2 0.5234375 0.6484375 0.0478515625 0.0478515625
3 0.4609375 0.8359375 0.046875 0.046875
0 0.5869140625 0.5869140625 0.048828125 0.048828125
1 0.71484375 0.08984375 0.0546875 0.0546875
2 0.40234375 0.77734375 0.0546875 0.0546875
3 0.9033203125 0.5283203125 0.056640625 0.056640625
0 0.8408203125 0.0908203125 0.0576171875 0.0576171875
1 0.46484375 0.58984375 0.0546875 0.0546875
2 0.5263671875 0.0888671875 0.052734375 0.052734375
3 0.33984375 0.15234375 0.0556640625 0.0556640625
