0 0.5244140625 0.7119140625 0.048828125 0.048828125
1 0.3984375 0.2734375 0.0478515625 0.0478515625
2 0.529296875 0.341796875 0.05859375 0.05859375
3 0.7138671875 0.0263671875 0.0537109375 0.0537109375
0 0.337890625 0.150390625 0.0517578125 0.0517578125
1 0.40234375 0.71484375 0.0546875 0.0546875
2 0.6533203125 0.8408203125 0.056640625 0.056640625
3 0.091796875 0.279296875 0.05859375 0.05859375
0 0.525390625 0.900390625 0.05078125 0.05078125
1 0.9013671875 0.3388671875 0.052734375 0.052734375
2 0.9619140625 0.8369140625 0.0498046875 0.0498046875
3 0.337890625 0.525390625 0.0517578125 0.0517578125
0 0.529296875 0.154296875 0.05859375 0.05859375
1 0.0908203125 0.9033203125 0.0576171875 0.0576171875
2 0.837890625 0.212890625 0.0517578125 0.0517578125
3 0.2763671875 0.2138671875 0.052734375 0.052734375
0 0.3369140625 0.8994140625 0.0498046875 0.0498046875
1 0.83984375 0.40234375 0.0546875 0.0546875
2 0.21484375 0.90234375 0.0546875 0.0546875
3 0.0908203125 0.4658203125 0.0576171875 0.0576171875
0 0.5859375 0.0859375 0.0478515625 0.0478515625
1 0.716796875 0.154296875 0.05859375 0.05859375
2 0.2158203125 0.4033203125 0.056640625 0.056640625
3 0.337890625 0.837890625 0.05078125 0.05078125
0 0.2138671875 0.4638671875 0.0537109375 0.0537109375
1 0.46484375 0.58984375 0.0556640625 0.0556640625
2 0.091796875 0.779296875 0.05859375 0.05859375
3 0.27734375 0.90234375 0.0546875 0.0546875
0 0.2109375 0.9609375 0.046875 0.046875
1 0.7744140625 0.9619140625 0.0498046875 0.0498046875
2 0.216796875 0.216796875 0.0595703125 0.0595703125
3 0.841796875 0.341796875 0.05859375 0.05859375
0 0.1533203125 0.5908203125 0.0576171875 0.0576171875
1 0.5869140625 0.6494140625 0.048828125 0.048828125
2 0.154296875 0.029296875 0.05859375 0.05859375
3 0.9658203125 0.2783203125 0.056640625 0.056640625
0 0.40234375 0.02734375 0.0546875 0.0546875
1 0.841796875 0.466796875 0.05859375 0.05859375
2 0.591796875 0.279296875 0.0595703125 0.0595703125
3 0.0283203125 0.9033203125 0.0576171875 0.0576171875
