0 0.2138671875 0.2138671875 0.052734375 0.052734375
1 0.2138671875 0.9013671875 0.052734375 0.052734375
2 0.466796875 0.091796875 0.05859375 0.05859375
3 0.7783203125 0.2158203125 0.056640625 0.056640625
0 0.65234375 0.08984375 0.0546875 0.0546875
1 0.6484375 0.2734375 0.0478515625 0.0478515625
2 0.966796875 0.716796875 0.05859375 0.05859375
3 0.8388671875 0.6513671875 0.052734375 0.052734375
0 0.716796875 0.154296875 0.05859375 0.05859375
1 0.27734375 0.46484375 0.0556640625 0.0556640625
2 0.4033203125 0.1533203125 0.056640625 0.056640625
3 0.0888671875 0.5888671875 0.052734375 0.052734375
0 0.2109375 0.7109375 0.0478515625 0.0478515625
1 0.9658203125 0.0908203125 0.0576171875 0.0576171875
2 0.0908203125 0.8408203125 0.0576171875 0.0576171875
3 0.83984375 0.40234375 0.0556640625 0.0556640625
0 0.52734375 0.02734375 0.0546875 0.0546875
1 0.7744140625 0.8994140625 0.048828125 0.048828125
2 0.3369140625 0.5244140625 0.048828125 0.048828125
3 0.525390625 0.462890625 0.05078125 0.05078125
0 0.1484375 0.7109375 0.0478515625 0.0478515625
1 0.3359375 0.8359375 0.046875 0.046875
2 0.0283203125 0.8408203125 0.056640625 0.056640625
3 0.0859375 0.3984375 0.0478515625 0.0478515625
0 0.6513671875 0.8388671875 0.052734375 0.052734375
1 0.1533203125 0.0283203125 0.0576171875 0.0576171875
2 0.462890625 0.275390625 0.05078125 0.05078125
3 0.900390625 0.775390625 0.05078125 0.05078125
0 0.216796875 0.341796875 0.05859375 0.05859375
1 0.7138671875 0.4638671875 0.0537109375 0.0537109375
2 0.5244140625 0.2119140625 0.0498046875 0.0498046875
3 0.46484375 0.21484375 0.0546875 0.0546875
0 0.400390625 0.087890625 0.05078125 0.05078125
1 0.4609375 0.9609375 0.0478515625 0.0478515625
2 0.8388671875 0.9638671875 0.052734375 0.052734375
3 0.71484375 0.33984375 0.0556640625 0.0556640625
0 0.2763671875 0.7763671875 0.052734375 0.052734375
1 0.529296875 0.966796875 0.05859375 0.05859375
2 0.154296875 0.654296875 0.05859375 0.05859375
3 0.0908203125 0.3408203125 0.0576171875 0.0576171875
