0 0.3408203125 0.4658203125 0.056640625 0.056640625
1 0.4609375 0.1484375 0.046875 0.046875
2 0.029296875 0.216796875 0.05859375 0.05859375
3 0.27734375 0.71484375 0.0546875 0.0546875
0 0.091796875 0.029296875 0.05859375 0.05859375
1 0.2119140625 0.7744140625 0.0498046875 0.0498046875
2 0.02734375 0.40234375 0.0546875 0.0546875
3 0.33984375 0.65234375 0.0556640625 0.0556640625
0 0.58984375 0.58984375 0.0546875 0.0546875
1 0.5869140625 0.7119140625 0.048828125 0.048828125
2 0.3388671875 0.5888671875 0.0537109375 0.0537109375
3 0.0263671875 0.7763671875 0.0537109375 0.0537109375
0 0.4619140625 0.3994140625 0.0498046875 0.0498046875
1 0.5244140625 0.3369140625 0.048828125 0.048828125
2 0.591796875 0.029296875 0.05859375 0.05859375
3 0.404296875 0.779296875 0.05859375 0.05859375
0 0.5263671875 0.5263671875 0.052734375 0.052734375
1 0.591796875 0.341796875 0.05859375 0.05859375
2 0.3984375 0.3359375 0.0478515625 0.0478515625
3 0.9638671875 0.3388671875 0.0537109375 0.0537109375
0 0.8369140625 0.5244140625 0.048828125 0.048828125
1 0.8408203125 0.7783203125 0.056640625 0.056640625
2 0.275390625 0.900390625 0.05078125 0.05078125
3 0.2158203125 0.2783203125 0.0576171875 0.0576171875
0 0.5244140625 0.4619140625 0.0498046875 0.0498046875
1 0.8408203125 0.5908203125 0.056640625 0.056640625
2 0.7744140625 0.8369140625 0.0498046875 0.0498046875
3 0.5244140625 0.0244140625 0.0498046875 0.0498046875
0 0.2109375 0.5859375 0.0478515625 0.0478515625
1 0.0869140625 0.3994140625 0.0498046875 0.0498046875
2 0.5244140625 0.2744140625 0.0498046875 0.0498046875
3 0.90234375 0.40234375 0.0556640625 0.0556640625
0 0.4609375 0.7109375 0.046875 0.046875
1 0.5263671875 0.7763671875 0.052734375 0.052734375
2 0.3408203125 0.8408203125 0.0576171875 0.0576171875
3 0.837890625 0.962890625 0.05078125 0.05078125
0 0.650390625 0.962890625 0.0517578125 0.0517578125
1 0.4658203125 0.9033203125 0.0576171875 0.0576171875
2 0.0908203125 0.5908203125 0.056640625 0.056640625
3 0.2734375 0.2109375 0.046875 0.046875
