0 0.5283203125 0.0908203125 0.056640625 0.056640625
1 0.6513671875 0.7763671875 0.0537109375 0.0537109375
2 0.025390625 0.087890625 0.0517578125 0.0517578125
3 0.3369140625 0.1494140625 0.048828125 0.048828125
0 0.591796875 0.466796875 0.05859375 0.05859375
1 0.8984375 0.9609375 0.0478515625 0.0478515625
2 0.0859375 0.0859375 0.0478515625 0.0478515625
3 0.2138671875 0.3388671875 0.052734375 0.052734375
0 0.2783203125 0.8408203125 0.0576171875 0.0576171875
1 0.654296875 0.091796875 0.05859375 0.05859375
2 0.525390625 0.962890625 0.0517578125 0.0517578125
3 0.4609375 0.9609375 0.0478515625 0.0478515625
0 0.0869140625 0.7119140625 0.0498046875 0.0498046875
1 0.4658203125 0.0283203125 0.056640625 0.056640625
2 0.091796875 0.591796875 0.05859375 0.05859375
3 0.2158203125 0.4033203125 0.0576171875 0.0576171875
0 0.525390625 0.025390625 0.05078125 0.05078125
1 0.966796875 0.029296875 0.05859375 0.05859375
2 0.150390625 0.087890625 0.05078125 0.05078125
3 0.279296875 0.466796875 0.05859375 0.05859375
0 0.2763671875 0.1513671875 0.052734375 0.052734375
1 0.4619140625 0.5244140625 0.048828125 0.048828125
2 0.904296875 0.216796875 0.05859375 0.05859375
3 0.462890625 0.212890625 0.0517578125 0.0517578125
0 0.7744140625 0.1494140625 0.0498046875 0.0498046875
1 0.716796875 0.716796875 0.05859375 0.05859375
2 0.2158203125 0.5283203125 0.056640625 0.056640625
3 0.65234375 0.27734375 0.0546875 0.0546875
0 0.8388671875 0.5888671875 0.0537109375 0.0537109375
1 0.1533203125 0.6533203125 0.0576171875 0.0576171875
2 0.6484375 0.7109375 0.046875 0.046875
3 0.8388671875 0.2138671875 0.0537109375 0.0537109375
0 0.275390625 0.087890625 0.05078125 0.05078125
1 0.2783203125 0.9658203125 0.0576171875 0.0576171875
2 0.9013671875 0.0888671875 0.052734375 0.052734375
3 0.0244140625 0.9619140625 0.0498046875 0.0498046875
0 0.091796875 0.466796875 0.05859375 0.05859375
1 0.3984375 0.7109375 0.0478515625 0.0478515625
2 0.3408203125 0.0908203125 0.0576171875 0.0576171875
3 0.27734375 0.33984375 0.0546875 0.0546875
