0 0.5869140625 0.3369140625 0.048828125 0.048828125
1 0.9658203125 0.9033203125 0.0576171875 0.0576171875
2 0.0263671875 0.5888671875 0.0537109375 0.0537109375
3 0.0869140625 0.0244140625 0.0498046875 0.0498046875
0 0.6494140625 0.0869140625 0.048828125 0.048828125
1 0.5263671875 0.1513671875 0.052734375 0.052734375
2 0.6533203125 0.2783203125 0.0576171875 0.0576171875
3 0.77734375 0.40234375 0.0546875 0.0546875
0 0.5908203125 0.4658203125 0.056640625 0.056640625
1 0.029296875 0.029296875 0.0595703125 0.0595703125
2 0.5234375 0.5234375 0.046875 0.046875
3 0.8994140625 0.2119140625 0.0498046875 0.0498046875
0 0.212890625 0.525390625 0.0517578125 0.0517578125
1 0.3994140625 0.1494140625 0.0498046875 0.0498046875
2 0.716796875 0.716796875 0.05859375 0.05859375
3 0.3369140625 0.5869140625 0.048828125 0.048828125
0 0.9013671875 0.0263671875 0.052734375 0.052734375
1 0.21484375 0.08984375 0.0556640625 0.0556640625
2 0.77734375 0.15234375 0.0546875 0.0546875
3 0.8994140625 0.7744140625 0.048828125 0.048828125
0 0.3359375 0.1484375 0.0478515625 0.0478515625
1 0.6484375 0.9609375 0.0478515625 0.0478515625
2 0.5234375 0.3359375 0.0478515625 0.0478515625
3 0.587890625 0.900390625 0.05078125 0.05078125
0 0.7158203125 0.2158203125 0.056640625 0.056640625
1 0.0888671875 0.9013671875 0.052734375 0.052734375
2 0.025390625 0.900390625 0.0517578125 0.0517578125
3 0.21484375 0.46484375 0.0556640625 0.0556640625
0 0.4638671875 0.5263671875 0.0537109375 0.0537109375
1 0.6494140625 0.0244140625 0.0498046875 0.0498046875
2 0.27734375 0.58984375 0.0546875 0.0546875
3 0.2158203125 0.2158203125 0.0576171875 0.0576171875
0 0.0283203125 0.7158203125 0.056640625 0.056640625
1 0.0234375 0.3984375 0.046875 0.046875
2 0.2119140625 0.3994140625 0.048828125 0.048828125
3 0.2119140625 0.8994140625 0.0498046875 0.0498046875
0 0.650390625 0.837890625 0.05078125 0.05078125
1 0.525390625 0.025390625 0.05078125 0.05078125
2 0.4638671875 0.9638671875 0.052734375 0.052734375
3 0.7138671875 0.4013671875 0.0537109375 0.0537109375
