0 0.27734375 0.02734375 0.0546875 0.0546875
1 0.90234375 0.71484375 0.0546875 0.0546875
2 0.962890625 0.212890625 0.05078125 0.05078125
3 0.65234375 0.27734375 0.0546875 0.0546875
0 0.1533203125 0.4033203125 0.0576171875 0.0576171875
1 0.591796875 0.529296875 0.05859375 0.05859375
2 0.02734375 0.46484375 0.0556640625 0.0556640625
3 0.3984375 0.0234375 0.0478515625 0.0478515625
0 0.6513671875 0.7138671875 0.0537109375 0.0537109375
1 0.6494140625 0.5869140625 0.0498046875 0.0498046875
2 0.52734375 0.21484375 0.0556640625 0.0556640625
3 0.337890625 0.712890625 0.05078125 0.05078125
0 0.21484375 0.71484375 0.0556640625 0.0556640625
1 0.4609375 0.2734375 0.046875 0.046875
2 0.5283203125 0.3408203125 0.0576171875 0.0576171875
3 0.216796875 0.591796875 0.0595703125 0.0595703125
0 0.4013671875 0.1513671875 0.052734375 0.052734375
1 0.712890625 0.212890625 0.0517578125 0.0517578125
2 0.087890625 0.400390625 0.0517578125 0.0517578125
3 0.2744140625 0.3369140625 0.0498046875 0.0498046875
0 0.2744140625 0.6494140625 0.0498046875 0.0498046875
1 0.8984375 0.3984375 0.046875 0.046875
2 0.4638671875 0.6513671875 0.052734375 0.052734375
3 0.150390625 0.337890625 0.0517578125 0.0517578125
0 0.3994140625 0.5869140625 0.0498046875 0.0498046875
1 0.091796875 0.966796875 0.05859375 0.05859375
2 0.02734375 0.02734375 0.0546875 0.0546875
3 0.962890625 0.087890625 0.05078125 0.05078125
0 0.3388671875 0.5888671875 0.052734375 0.052734375
1 0.404296875 0.091796875 0.05859375 0.05859375
2 0.591796875 0.904296875 0.05859375 0.05859375
3 0.466796875 0.029296875 0.0595703125 0.0595703125
0 0.5263671875 0.5888671875 0.0537109375 0.0537109375
1 0.716796875 0.591796875 0.05859375 0.05859375
2 0.52734375 0.52734375 0.0546875 0.0546875
3 0.08984375 0.65234375 0.0556640625 0.0556640625
0 0.525390625 0.712890625 0.0517578125 0.0517578125
1 0.275390625 0.712890625 0.05078125 0.05078125
2 0.4619140625 0.3994140625 0.0498046875 0.0498046875
3 0.8388671875 0.4638671875 0.0537109375 0.0537109375
