0 0.3408203125 0.5908203125 0.056640625 0.056640625
1 0.337890625 0.212890625 0.0517578125 0.0517578125
2 0.650390625 0.150390625 0.05078125 0.05078125
3 0.4013671875 0.9638671875 0.052734375 0.052734375
0 0.3388671875 0.2763671875 0.0537109375 0.0537109375
1 0.029296875 0.716796875 0.0595703125 0.0595703125
2 0.0263671875 0.4638671875 0.052734375 0.052734375
3 0.7763671875 0.0263671875 0.052734375 0.052734375
0 0.9619140625 0.2119140625 0.048828125 0.048828125
1 0.337890625 0.400390625 0.05078125 0.05078125
2 0.7158203125 0.1533203125 0.0576171875 0.0576171875
3 0.0283203125 0.2158203125 0.056640625 0.056640625
0 0.2734375 0.5234375 0.0478515625 0.0478515625
1 0.4033203125 0.7783203125 0.056640625 0.056640625
2 0.8408203125 0.4658203125 0.056640625 0.056640625
3 0.8388671875 0.3388671875 0.0537109375 0.0537109375
0 0.087890625 0.275390625 0.0517578125 0.0517578125
1 0.5263671875 0.7763671875 0.0537109375 0.0537109375
2 0.400390625 0.900390625 0.05078125 0.05078125
3 0.15234375 0.83984375 0.0546875 0.0546875
0 0.33984375 0.46484375 0.0546875 0.0546875
1 0.90234375 0.27734375 0.0546875 0.0546875
2 0.2109375 0.5859375 0.0478515625 0.0478515625
3 0.5869140625 0.8369140625 0.0498046875 0.0498046875
0 0.5908203125 0.1533203125 0.056640625 0.056640625
1 0.091796875 0.529296875 0.0595703125 0.0595703125
2 0.5908203125 0.2783203125 0.056640625 0.056640625
3 0.7744140625 0.7119140625 0.048828125 0.048828125
0 0.58984375 0.02734375 0.0546875 0.0546875
1 0.1513671875 0.0888671875 0.0537109375 0.0537109375
2 0.2109375 0.4609375 0.046875 0.046875
3 0.7158203125 0.4033203125 0.056640625 0.056640625
0 0.5234375 0.3984375 0.0478515625 0.0478515625
1 0.5888671875 0.4638671875 0.052734375 0.052734375
2 0.83984375 0.15234375 0.0546875 0.0546875
3 0.8994140625 0.7119140625 0.0498046875 0.0498046875
0 0.90234375 0.58984375 0.0546875 0.0546875
1 0.4619140625 0.5869140625 0.048828125 0.048828125
2 0.21484375 0.02734375 0.0556640625 0.0556640625
3 0.962890625 0.337890625 0.0517578125 0.0517578125
