0 0.21484375 0.40234375 0.0556640625 0.0556640625
1 0.58984375 0.02734375 0.0546875 0.0546875
2 0.0263671875 0.5263671875 0.052734375 0.052734375
3 0.65234375 0.83984375 0.0556640625 0.0556640625
0 0.404296875 0.904296875 0.05859375 0.05859375
1 0.029296875 0.904296875 0.05859375 0.05859375
2 0.8369140625 0.0244140625 0.048828125 0.048828125
3 0.7158203125 0.8408203125 0.056640625 0.056640625
0 0.716796875 0.404296875 0.0595703125 0.0595703125
1 0.904296875 0.404296875 0.05859375 0.05859375
2 0.154296875 0.529296875 0.05859375 0.05859375
3 0.2109375 0.1484375 0.046875 0.046875
0 0.712890625 0.337890625 0.05078125 0.05078125
1 0.0888671875 0.0263671875 0.052734375 0.052734375
2 0.8388671875 0.9638671875 0.0537109375 0.0537109375
3 0.21484375 0.77734375 0.0556640625 0.0556640625
0 0.087890625 0.587890625 0.0517578125 0.0517578125
1 0.150390625 0.025390625 0.05078125 0.05078125
2 0.779296875 0.654296875 0.0595703125 0.0595703125
3 0.0888671875 0.2763671875 0.052734375 0.052734375
0 0.900390625 0.150390625 0.0517578125 0.0517578125
1 0.2109375 0.2734375 0.0478515625 0.0478515625
2 0.712890625 0.212890625 0.0517578125 0.0517578125
3 0.46484375 0.71484375 0.0546875 0.0546875
0 0.08984375 0.90234375 0.0556640625 0.0556640625
1 0.025390625 0.712890625 0.0517578125 0.0517578125
2 0.65234375 0.33984375 0.0546875 0.0546875
3 0.779296875 0.029296875 0.0595703125 0.0595703125
0 0.341796875 0.591796875 0.05859375 0.05859375
1 0.4609375 0.4609375 0.046875 0.046875
2 0.775390625 0.150390625 0.05078125 0.05078125
3 0.7119140625 0.5244140625 0.048828125 0.048828125
0 0.525390625 0.025390625 0.0517578125 0.0517578125
1 0.7109375 0.7734375 0.0478515625 0.0478515625
2 0.341796875 0.654296875 0.05859375 0.05859375
3 0.462890625 0.525390625 0.0517578125 0.0517578125
0 0.65234375 0.27734375 0.0556640625 0.0556640625
1 0.029296875 0.404296875 0.05859375 0.05859375
2 0.5869140625 0.8369140625 0.048828125 0.048828125
3 0.8994140625 0.9619140625 0.048828125 0.048828125
