0 0.337890625 0.337890625 0.0517578125 0.0517578125
1 0.40234375 0.46484375 0.0546875 0.0546875
2 0.837890625 0.400390625 0.05078125 0.05078125
3 0.15234375 0.27734375 0.0556640625 0.0556640625
0 0.716796875 0.779296875 0.0595703125 0.0595703125
1 0.650390625 0.275390625 0.0517578125 0.0517578125
2 0.904296875 0.029296875 0.0595703125 0.0595703125
3 0.3994140625 0.7119140625 0.0498046875 0.0498046875
0 0.21484375 0.96484375 0.0556640625 0.0556640625
1 0.15234375 0.96484375 0.0556640625 0.0556640625
2 0.8408203125 0.9658203125 0.056640625 0.056640625
3 0.7138671875 0.1513671875 0.0537109375 0.0537109375
0 0.4619140625 0.9619140625 0.048828125 0.048828125
1 0.587890625 0.900390625 0.0517578125 0.0517578125
2 0.40234375 0.58984375 0.0556640625 0.0556640625
3 0.5908203125 0.6533203125 0.0576171875 0.0576171875
0 0.025390625 0.400390625 0.0517578125 0.0517578125
1 0.9658203125 0.3408203125 0.056640625 0.056640625
2 0.9658203125 0.2158203125 0.056640625 0.056640625
3 0.90234375 0.15234375 0.0546875 0.0546875
0 0.775390625 0.400390625 0.0517578125 0.0517578125
1 0.46484375 0.77734375 0.0556640625 0.0556640625
2 0.02734375 0.33984375 0.0556640625 0.0556640625
3 0.08984375 0.40234375 0.0556640625 0.0556640625
0 0.4013671875 0.0888671875 0.052734375 0.052734375
1 0.27734375 0.83984375 0.0556640625 0.0556640625
2 0.150390625 0.462890625 0.0517578125 0.0517578125
3 0.4638671875 0.1513671875 0.052734375 0.052734375
0 0.3388671875 0.6513671875 0.0537109375 0.0537109375
1 0.1533203125 0.3408203125 0.0576171875 0.0576171875
2 0.150390625 0.712890625 0.05078125 0.05078125
3 0.462890625 0.275390625 0.0517578125 0.0517578125
0 0.337890625 0.025390625 0.0517578125 0.0517578125
1 0.7744140625 0.2744140625 0.048828125 0.048828125
2 0.5888671875 0.0263671875 0.0537109375 0.0537109375
3 0.712890625 0.962890625 0.05078125 0.05078125
0 0.1533203125 0.5283203125 0.056640625 0.056640625
1 0.58984375 0.15234375 0.0546875 0.0546875
2 0.962890625 0.400390625 0.0517578125 0.0517578125
3 0.6484375 0.9609375 0.046875 0.046875
