0 0.962890625 0.962890625 0.0517578125 0.0517578125
1 0.0244140625 0.3369140625 0.048828125 0.048828125
2 0.0859375 0.8984375 0.0478515625 0.0478515625
3 0.7109375 0.2734375 0.0478515625 0.0478515625
0 0.9638671875 0.6513671875 0.052734375 0.052734375
1 0.0859375 0.1484375 0.046875 0.046875
2 0.400390625 0.212890625 0.0517578125 0.0517578125
3 0.0888671875 0.6513671875 0.052734375 0.052734375
0 0.525390625 0.587890625 0.0517578125 0.0517578125
1 0.341796875 0.904296875 0.05859375 0.05859375
2 0.96484375 0.83984375 0.0546875 0.0546875
3 0.4638671875 0.8388671875 0.052734375 0.052734375
0 0.337890625 0.337890625 0.0517578125 0.0517578125
1 0.025390625 0.962890625 0.0517578125 0.0517578125
2 0.3984375 0.2734375 0.0478515625 0.0478515625
3 0.6484375 0.2109375 0.0478515625 0.0478515625
0 0.8408203125 0.6533203125 0.0576171875 0.0576171875
1 0.8388671875 0.3388671875 0.052734375 0.052734375
2 0.275390625 0.712890625 0.05078125 0.05078125
3 0.404296875 0.904296875 0.05859375 0.05859375
0 0.2763671875 0.6513671875 0.0537109375 0.0537109375
1 0.466796875 0.529296875 0.0595703125 0.0595703125
2 0.966796875 0.529296875 0.05859375 0.05859375
3 0.525390625 0.400390625 0.05078125 0.05078125
0 0.900390625 0.400390625 0.05078125 0.05078125
1 0.900390625 0.087890625 0.0517578125 0.0517578125
2 0.1513671875 0.4638671875 0.052734375 0.052734375
3 0.462890625 0.650390625 0.05078125 0.05078125
0 0.025390625 0.775390625 0.05078125 0.05078125
1 0.0283203125 0.1533203125 0.0576171875 0.0576171875
2 0.0908203125 0.0908203125 0.0576171875 0.0576171875
3 0.462890625 0.400390625 0.05078125 0.05078125
0 0.9638671875 0.5888671875 0.0537109375 0.0537109375
1 0.7744140625 0.9619140625 0.0498046875 0.0498046875
2 0.8359375 0.4609375 0.046875 0.046875
3 0.8994140625 0.9619140625 0.048828125 0.048828125
0 0.46484375 0.33984375 0.0546875 0.0546875
1 0.400390625 0.462890625 0.05078125 0.05078125
2 0.9033203125 0.8408203125 0.0576171875 0.0576171875
3 0.8359375 0.1484375 0.0478515625 0.0478515625
