0 0.1513671875 0.3388671875 0.052734375 0.052734375
1 0.341796875 0.779296875 0.05859375 0.05859375
2 0.0283203125 0.8408203125 0.056640625 0.056640625
3 0.71484375 0.40234375 0.0546875 0.0546875
0 0.3408203125 0.4033203125 0.0576171875 0.0576171875
1 0.900390625 0.025390625 0.05078125 0.05078125
2 0.1484375 0.7734375 0.0478515625 0.0478515625
3 0.52734375 0.83984375 0.0556640625 0.0556640625
0 0.1494140625 0.8369140625 0.048828125 0.048828125
1 0.216796875 0.841796875 0.05859375 0.05859375
2 0.2763671875 0.0888671875 0.052734375 0.052734375
3 0.02734375 0.21484375 0.0546875 0.0546875
0 0.40234375 0.83984375 0.0546875 0.0546875
1 0.3984375 0.9609375 0.0478515625 0.0478515625
2 0.08984375 0.08984375 0.0556640625 0.0556640625
3 0.5283203125 0.0908203125 0.0576171875 0.0576171875
0 0.7109375 0.0859375 0.0478515625 0.0478515625
1 0.77734375 0.77734375 0.0556640625 0.0556640625
2 0.3388671875 0.3388671875 0.0537109375 0.0537109375
3 0.091796875 0.404296875 0.05859375 0.05859375
0 0.6494140625 0.7744140625 0.0498046875 0.0498046875
1 0.8984375 0.5859375 0.0478515625 0.0478515625
2 0.0244140625 0.5244140625 0.048828125 0.048828125
3 0.21484375 0.96484375 0.0546875 0.0546875
0 0.21484375 0.27734375 0.0556640625 0.0556640625
1 0.1494140625 0.3994140625 0.048828125 0.048828125
2 0.900390625 0.400390625 0.05078125 0.05078125
3 0.46484375 0.96484375 0.0556640625 0.0556640625
0 0.3388671875 0.7138671875 0.052734375 0.052734375
1 0.587890625 0.962890625 0.0517578125 0.0517578125
2 0.21484375 0.08984375 0.0556640625 0.0556640625
3 0.4033203125 0.7158203125 0.056640625 0.056640625
0 0.5263671875 0.5888671875 0.0537109375 0.0537109375
1 0.6533203125 0.4658203125 0.0576171875 0.0576171875
2 0.33984375 0.52734375 0.0546875 0.0546875
3 0.712890625 0.962890625 0.05078125 0.05078125
0 0.3369140625 0.1494140625 0.048828125 0.048828125
1 0.6533203125 0.0283203125 0.056640625 0.056640625
2 0.462890625 0.650390625 0.0517578125 0.0517578125
3 0.21484375 0.58984375 0.0546875 0.0546875
