0 0.275390625 0.025390625 0.0517578125 0.0517578125
1 0.3994140625 0.0244140625 0.0498046875 0.0498046875
2 0.591796875 0.404296875 0.05859375 0.05859375
3 0.8369140625 0.7119140625 0.0498046875 0.0498046875
0 0.0908203125 0.6533203125 0.0576171875 0.0576171875
1 0.7783203125 0.5908203125 0.0576171875 0.0576171875
2 0.3369140625 0.9619140625 0.048828125 0.048828125
3 0.4609375 0.3984375 0.0478515625 0.0478515625
0 0.2744140625 0.5869140625 0.048828125 0.048828125
1 0.33984375 0.90234375 0.0546875 0.0546875
2 0.83984375 0.08984375 0.0546875 0.0546875
3 0.4609375 0.9609375 0.0478515625 0.0478515625
0 0.5908203125 0.7158203125 0.0576171875 0.0576171875
1 0.5908203125 0.0908203125 0.056640625 0.056640625
2 0.779296875 0.904296875 0.05859375 0.05859375
3 0.2734375 0.7734375 0.0478515625 0.0478515625
0 0.091796875 0.466796875 0.05859375 0.05859375
1 0.8994140625 0.8994140625 0.0498046875 0.0498046875
2 0.841796875 0.216796875 0.0595703125 0.0595703125
3 0.2119140625 0.2744140625 0.048828125 0.048828125
0 0.654296875 0.654296875 0.05859375 0.05859375
1 0.3369140625 0.4619140625 0.048828125 0.048828125
2 0.6513671875 0.0263671875 0.052734375 0.052734375
3 0.0908203125 0.5283203125 0.0576171875 0.0576171875
0 0.2744140625 0.9619140625 0.0498046875 0.0498046875
1 0.77734375 0.33984375 0.0556640625 0.0556640625
2 0.15234375 0.46484375 0.0556640625 0.0556640625
3 0.90234375 0.40234375 0.0556640625 0.0556640625
0 0.65234375 0.77734375 0.0546875 0.0546875
1 0.087890625 0.587890625 0.0517578125 0.0517578125
2 0.46484375 0.08984375 0.0556640625 0.0556640625
3 0.966796875 0.404296875 0.0595703125 0.0595703125
0 0.712890625 0.650390625 0.05078125 0.05078125
1 0.3984375 0.7109375 0.0478515625 0.0478515625
2 0.8369140625 0.1494140625 0.048828125 0.048828125
3 0.77734375 0.52734375 0.0556640625 0.0556640625
0 0.4658203125 0.7783203125 0.056640625 0.056640625
1 0.404296875 0.216796875 0.05859375 0.05859375
2 0.7763671875 0.1513671875 0.052734375 0.052734375
3 0.8408203125 0.8408203125 0.0576171875 0.0576171875
