0 0.1484375 0.5859375 0.0478515625 0.0478515625
1 0.462890625 0.275390625 0.05078125 0.05078125
2 0.087890625 0.087890625 0.0517578125 0.0517578125
3 0.2138671875 0.0263671875 0.0537109375 0.0537109375
0 0.5888671875 0.4638671875 0.0537109375 0.0537109375
1 0.154296875 0.529296875 0.05859375 0.05859375
2 0.77734375 0.02734375 0.0546875 0.0546875
3 0.6513671875 0.2138671875 0.0537109375 0.0537109375
0 0.4619140625 0.5244140625 0.048828125 0.048828125
1 0.08984375 0.21484375 0.0546875 0.0546875
2 0.154296875 0.029296875 0.05859375 0.05859375
3 0.27734375 0.33984375 0.0556640625 0.0556640625
0 0.1533203125 0.6533203125 0.056640625 0.056640625
1 0.3994140625 0.3994140625 0.0498046875 0.0498046875
2 0.591796875 0.716796875 0.05859375 0.05859375
3 0.7734375 0.5234375 0.046875 0.046875
0 0.1513671875 0.8388671875 0.0537109375 0.0537109375
1 0.4013671875 0.5888671875 0.0537109375 0.0537109375
2 0.8408203125 0.4033203125 0.0576171875 0.0576171875
3 0.1513671875 0.3388671875 0.0537109375 0.0537109375
0 0.216796875 0.591796875 0.05859375 0.05859375
1 0.27734375 0.15234375 0.0546875 0.0546875
2 0.404296875 0.529296875 0.05859375 0.05859375
3 0.0869140625 0.4619140625 0.048828125 0.048828125
0 0.2158203125 0.9033203125 0.056640625 0.056640625
1 0.3369140625 0.8369140625 0.0498046875 0.0498046875
2 0.8388671875 0.3388671875 0.0537109375 0.0537109375
3 0.90234375 0.27734375 0.0556640625 0.0556640625
0 0.8359375 0.2109375 0.0478515625 0.0478515625
1 0.8388671875 0.9013671875 0.0537109375 0.0537109375
2 0.3388671875 0.7763671875 0.0537109375 0.0537109375
3 0.2119140625 0.3369140625 0.048828125 0.048828125
0 0.2138671875 0.9638671875 0.052734375 0.052734375
1 0.9033203125 0.6533203125 0.0576171875 0.0576171875
2 0.8994140625 0.4619140625 0.0498046875 0.0498046875
3 0.8408203125 0.8408203125 0.0576171875 0.0576171875
0 0.6513671875 0.9013671875 0.0537109375 0.0537109375
1 0.7744140625 0.7744140625 0.0498046875 0.0498046875
2 0.2119140625 0.1494140625 0.0498046875 0.0498046875
3 0.08984375 0.33984375 0.0556640625 0.0556640625
