0 0.6484375 0.9609375 0.0478515625 0.0478515625
1 0.837890625 0.900390625 0.0517578125 0.0517578125
2 0.400390625 0.087890625 0.0517578125 0.0517578125
3 0.6533203125 0.9033203125 0.0576171875 0.0576171875
0 0.7109375 0.3359375 0.046875 0.046875
1 0.5263671875 0.1513671875 0.052734375 0.052734375
2 0.6513671875 0.5888671875 0.0537109375 0.0537109375
3 0.462890625 0.712890625 0.0517578125 0.0517578125
0 0.83984375 0.08984375 0.0556640625 0.0556640625
1 0.587890625 0.525390625 0.05078125 0.05078125
2 0.5869140625 0.3994140625 0.048828125 0.048828125
3 0.654296875 0.716796875 0.05859375 0.05859375
0 0.7138671875 0.2138671875 0.052734375 0.052734375
1 0.0283203125 0.7158203125 0.0576171875 0.0576171875
2 0.08984375 0.02734375 0.0556640625 0.0556640625
3 0.5859375 0.4609375 0.0478515625 0.0478515625
0 0.9638671875 0.2763671875 0.052734375 0.052734375
1 0.96484375 0.71484375 0.0546875 0.0546875
2 0.025390625 0.587890625 0.05078125 0.05078125
3 0.21484375 0.08984375 0.0556640625 0.0556640625
0 0.029296875 0.779296875 0.0595703125 0.0595703125
1 0.837890625 0.212890625 0.0517578125 0.0517578125
2 0.7119140625 0.5244140625 0.048828125 0.048828125
3 0.08984375 0.71484375 0.0546875 0.0546875
0 0.96484375 0.40234375 0.0556640625 0.0556640625
1 0.775390625 0.212890625 0.05078125 0.05078125
2 0.5908203125 0.1533203125 0.0576171875 0.0576171875
3 0.1513671875 0.4013671875 0.052734375 0.052734375
0 0.154296875 0.466796875 0.05859375 0.05859375
1 0.837890625 0.712890625 0.05078125 0.05078125
2 0.9013671875 0.9013671875 0.052734375 0.052734375
3 0.3408203125 0.9033203125 0.056640625 0.056640625
0 0.8388671875 0.5888671875 0.052734375 0.052734375
1 0.02734375 0.90234375 0.0556640625 0.0556640625
2 0.150390625 0.712890625 0.0517578125 0.0517578125
3 0.404296875 0.279296875 0.05859375 0.05859375
0 0.5263671875 0.2763671875 0.0537109375 0.0537109375
1 0.77734375 0.40234375 0.0546875 0.0546875
2 0.0869140625 0.8369140625 0.0498046875 0.0498046875
3 0.5888671875 0.0263671875 0.052734375 0.052734375
