0 0.9013671875 0.0888671875 0.052734375 0.052734375
1 0.96484375 0.90234375 0.0556640625 0.0556640625
2 0.9658203125 0.0908203125 0.0576171875 0.0576171875
3 0.8984375 0.5234375 0.046875 0.046875
0 0.02734375 0.46484375 0.0556640625 0.0556640625
1 0.7138671875 0.4638671875 0.052734375 0.052734375
2 0.2783203125 0.1533203125 0.0576171875 0.0576171875
3 0.337890625 0.962890625 0.0517578125 0.0517578125
0 0.7158203125 0.3408203125 0.0576171875 0.0576171875
1 0.779296875 0.341796875 0.05859375 0.05859375
2 0.90234375 0.15234375 0.0546875 0.0546875
3 0.6494140625 0.3369140625 0.0498046875 0.0498046875
0 0.5283203125 0.9033203125 0.0576171875 0.0576171875
1 0.4658203125 0.2158203125 0.0576171875 0.0576171875
2 0.9658203125 0.6533203125 0.0576171875 0.0576171875
3 0.2744140625 0.0244140625 0.0498046875 0.0498046875
0 0.3369140625 0.5869140625 0.048828125 0.048828125
1 0.02734375 0.02734375 0.0556640625 0.0556640625
2 0.4013671875 0.0263671875 0.0537109375 0.0537109375
3 0.841796875 0.904296875 0.0595703125 0.0595703125
0 0.6484375 0.8984375 0.0478515625 0.0478515625
1 0.4638671875 0.9638671875 0.0537109375 0.0537109375
2 0.275390625 0.087890625 0.0517578125 0.0517578125
3 0.962890625 0.775390625 0.05078125 0.05078125
0 0.7783203125 0.0283203125 0.056640625 0.056640625
1 0.2109375 0.1484375 0.0478515625 0.0478515625
2 0.091796875 0.529296875 0.05859375 0.05859375
3 0.337890625 0.837890625 0.0517578125 0.0517578125
0 0.6513671875 0.7138671875 0.0537109375 0.0537109375
1 0.71484375 0.40234375 0.0556640625 0.0556640625
2 0.0859375 0.8359375 0.0478515625 0.0478515625
3 0.2734375 0.5859375 0.046875 0.046875
0 0.9033203125 0.6533203125 0.0576171875 0.0576171875
1 0.4033203125 0.2783203125 0.0576171875 0.0576171875
2 0.1484375 0.3984375 0.046875 0.046875
3 0.3408203125 0.7158203125 0.056640625 0.056640625
0 0.15234375 0.52734375 0.0546875 0.0546875
1 0.1484375 0.7734375 0.0478515625 0.0478515625
2 0.4033203125 0.7783203125 0.056640625 0.056640625
3 0.02734375 0.40234375 0.0556640625 0.0556640625
