0 0.1533203125 0.3408203125 0.0576171875 0.0576171875
1 0.4658203125 0.5283203125 0.056640625 0.056640625
2 0.6533203125 0.3408203125 0.0576171875 0.0576171875
3 0.3994140625 0.8994140625 0.0498046875 0.0498046875
0 0.216796875 0.591796875 0.05859375 0.05859375
1 0.7763671875 0.6513671875 0.052734375 0.052734375
2 0.7138671875 0.7763671875 0.052734375 0.052734375
3 0.529296875 0.404296875 0.05859375 0.05859375
0 0.9033203125 0.7783203125 0.0576171875 0.0576171875
1 0.962890625 0.837890625 0.05078125 0.05078125
2 0.525390625 0.025390625 0.05078125 0.05078125
3 0.525390625 0.712890625 0.0517578125 0.0517578125
0 0.4013671875 0.4638671875 0.052734375 0.052734375
1 0.33984375 0.08984375 0.0546875 0.0546875
2 0.08984375 0.77734375 0.0556640625 0.0556640625
3 0.71484375 0.83984375 0.0546875 0.0546875
0 0.8388671875 0.0888671875 0.052734375 0.052734375
1 0.7158203125 0.2158203125 0.056640625 0.056640625
2 0.962890625 0.900390625 0.0517578125 0.0517578125
3 0.4638671875 0.3388671875 0.0537109375 0.0537109375
0 0.212890625 0.837890625 0.0517578125 0.0517578125
1 0.5888671875 0.4638671875 0.0537109375 0.0537109375
2 0.2744140625 0.2744140625 0.0498046875 0.0498046875
3 0.962890625 0.775390625 0.0517578125 0.0517578125
0 0.462890625 0.775390625 0.05078125 0.05078125
1 0.1484375 0.7734375 0.046875 0.046875
2 0.775390625 0.212890625 0.05078125 0.05078125
3 0.9033203125 0.0908203125 0.056640625 0.056640625
0 0.8369140625 0.9619140625 0.0498046875 0.0498046875
1 0.400390625 0.150390625 0.05078125 0.05078125
2 0.087890625 0.712890625 0.05078125 0.05078125
3 0.8359375 0.5234375 0.0478515625 0.0478515625
0 0.0244140625 0.5244140625 0.048828125 0.048828125
1 0.275390625 0.837890625 0.05078125 0.05078125
2 0.591796875 0.341796875 0.05859375 0.05859375
3 0.2763671875 0.5263671875 0.0537109375 0.0537109375
0 0.2119140625 0.4619140625 0.0498046875 0.0498046875
1 0.654296875 0.779296875 0.05859375 0.05859375
2 0.8408203125 0.1533203125 0.0576171875 0.0576171875
3 0.65234375 0.40234375 0.0546875 0.0546875
