0 0.33984375 0.02734375 0.0556640625 0.0556640625
1 0.587890625 0.337890625 0.0517578125 0.0517578125
2 0.1484375 0.2734375 0.046875 0.046875
3 0.7138671875 0.0263671875 0.0537109375 0.0537109375
0 0.841796875 0.341796875 0.05859375 0.05859375
1 0.775390625 0.150390625 0.05078125 0.05078125
2 0.337890625 0.525390625 0.05078125 0.05078125
3 0.9033203125 0.9033203125 0.056640625 0.056640625
0 0.4033203125 0.1533203125 0.056640625 0.056640625
1 0.5869140625 0.3994140625 0.0498046875 0.0498046875
2 0.0283203125 0.9658203125 0.0576171875 0.0576171875
3 0.21484375 0.46484375 0.0546875 0.0546875
0 0.33984375 0.90234375 0.0546875 0.0546875
1 0.3388671875 0.7763671875 0.0537109375 0.0537109375
2 0.0908203125 0.1533203125 0.0576171875 0.0576171875
3 0.2138671875 0.5263671875 0.052734375 0.052734375
0 0.900390625 0.337890625 0.0517578125 0.0517578125
1 0.6513671875 0.9638671875 0.052734375 0.052734375
2 0.2734375 0.1484375 0.0478515625 0.0478515625
3 0.2138671875 0.0263671875 0.052734375 0.052734375
0 0.8408203125 0.4658203125 0.056640625 0.056640625
1 0.83984375 0.77734375 0.0556640625 0.0556640625
2 0.3984375 0.5859375 0.0478515625 0.0478515625
3 0.6513671875 0.5888671875 0.0537109375 0.0537109375
0 0.154296875 0.341796875 0.05859375 0.05859375
1 0.462890625 0.775390625 0.05078125 0.05078125
2 0.2763671875 0.2763671875 0.0537109375 0.0537109375
3 0.7734375 0.7734375 0.0478515625 0.0478515625
0 0.650390625 0.150390625 0.05078125 0.05078125
1 0.962890625 0.150390625 0.05078125 0.05078125
2 0.091796875 0.904296875 0.05859375 0.05859375
3 0.462890625 0.650390625 0.0517578125 0.0517578125
0 0.2138671875 0.5888671875 0.052734375 0.052734375
1 0.529296875 0.029296875 0.05859375 0.05859375
2 0.83984375 0.83984375 0.0546875 0.0546875
3 0.3388671875 0.2138671875 0.052734375 0.052734375
0 0.0263671875 0.7138671875 0.052734375 0.052734375
1 0.40234375 0.65234375 0.0546875 0.0546875
2 0.7109375 0.7109375 0.046875 0.046875
3 0.966796875 0.341796875 0.05859375 0.05859375
