0 0.15234375 0.33984375 0.0546875 0.0546875
1 0.837890625 0.212890625 0.0517578125 0.0517578125
2 0.0908203125 0.2783203125 0.056640625 0.056640625
3 0.212890625 0.025390625 0.0517578125 0.0517578125
0 0.02734375 0.46484375 0.0546875 0.0546875
1 0.2119140625 0.5244140625 0.048828125 0.048828125
2 0.7109375 0.4609375 0.0478515625 0.0478515625
3 0.7744140625 0.9619140625 0.0498046875 0.0498046875
0 0.4013671875 0.0263671875 0.052734375 0.052734375
1 0.7109375 0.8984375 0.0478515625 0.0478515625
2 0.7158203125 0.9658203125 0.056640625 0.056640625
3 0.337890625 0.837890625 0.05078125 0.05078125
0 0.6513671875 0.3388671875 0.052734375 0.052734375
1 0.8984375 0.4609375 0.0478515625 0.0478515625
2 0.5869140625 0.5244140625 0.048828125 0.048828125
3 0.9638671875 0.5888671875 0.0537109375 0.0537109375
0 0.9638671875 0.2138671875 0.0537109375 0.0537109375
1 0.2763671875 0.5263671875 0.0537109375 0.0537109375
2 0.0283203125 0.2158203125 0.056640625 0.056640625
3 0.65234375 0.77734375 0.0546875 0.0546875
0 0.7763671875 0.8388671875 0.0537109375 0.0537109375
1 0.904296875 0.029296875 0.05859375 0.05859375
2 0.0283203125 0.0283203125 0.056640625 0.056640625
3 0.8408203125 0.4033203125 0.056640625 0.056640625
0 0.02734375 0.65234375 0.0556640625 0.0556640625
1 0.77734375 0.33984375 0.0556640625 0.0556640625
2 0.779296875 0.216796875 0.05859375 0.05859375
3 0.775390625 0.400390625 0.0517578125 0.0517578125
0 0.9658203125 0.4033203125 0.056640625 0.056640625
1 0.2783203125 0.1533203125 0.056640625 0.056640625
2 0.962890625 0.525390625 0.05078125 0.05078125
3 0.5244140625 0.5244140625 0.0498046875 0.0498046875
0 0.337890625 0.775390625 0.05078125 0.05078125
1 0.9033203125 0.0908203125 0.0576171875 0.0576171875
2 0.779296875 0.466796875 0.05859375 0.05859375
3 0.2763671875 0.0888671875 0.052734375 0.052734375
0 0.5283203125 0.2783203125 0.0576171875 0.0576171875
1 0.52734375 0.15234375 0.0546875 0.0546875
2 0.2763671875 0.0263671875 0.0537109375 0.0537109375
3 0.962890625 0.837890625 0.05078125 0.05078125
