0 0.40234375 0.83984375 0.0546875 0.0546875
1 0.77734375 0.96484375 0.0546875 0.0546875
2 0.5283203125 0.7783203125 0.056640625 0.056640625
3 0.6484375 0.5234375 0.0478515625 0.0478515625
0 0.5244140625 0.8369140625 0.0498046875 0.0498046875
1 0.4658203125 0.2158203125 0.0576171875 0.0576171875
2 0.0859375 0.5234375 0.0478515625 0.0478515625
3 0.400390625 0.525390625 0.05078125 0.05078125
0 0.0888671875 0.2763671875 0.052734375 0.052734375
1 0.83984375 0.40234375 0.0546875 0.0546875
2 0.46484375 0.27734375 0.0556640625 0.0556640625
3 0.9609375 0.6484375 0.046875 0.046875
0 0.900390625 0.150390625 0.05078125 0.05078125
1 0.9619140625 0.9619140625 0.0498046875 0.0498046875
2 0.0234375 0.5234375 0.046875 0.046875
3 0.5908203125 0.6533203125 0.056640625 0.056640625
0 0.9658203125 0.5283203125 0.056640625 0.056640625
1 0.7783203125 0.3408203125 0.0576171875 0.0576171875
2 0.9033203125 0.5283203125 0.056640625 0.056640625
3 0.58984375 0.21484375 0.0546875 0.0546875
0 0.0234375 0.1484375 0.046875 0.046875
1 0.6513671875 0.7763671875 0.0537109375 0.0537109375
2 0.3359375 0.7109375 0.046875 0.046875
3 0.7763671875 0.7138671875 0.0537109375 0.0537109375
0 0.15234375 0.65234375 0.0556640625 0.0556640625
1 0.900390625 0.775390625 0.0517578125 0.0517578125
2 0.275390625 0.587890625 0.0517578125 0.0517578125
3 0.3359375 0.0234375 0.0478515625 0.0478515625
0 0.46484375 0.90234375 0.0546875 0.0546875
1 0.9619140625 0.3369140625 0.0498046875 0.0498046875
2 0.0908203125 0.9658203125 0.056640625 0.056640625
3 0.591796875 0.091796875 0.05859375 0.05859375
0 0.087890625 0.900390625 0.05078125 0.05078125
1 0.33984375 0.52734375 0.0556640625 0.0556640625
2 0.9638671875 0.9013671875 0.052734375 0.052734375
3 0.7158203125 0.0283203125 0.056640625 0.056640625
0 0.21484375 0.83984375 0.0546875 0.0546875
1 0.154296875 0.466796875 0.05859375 0.05859375
2 0.1513671875 0.5888671875 0.0537109375 0.0537109375
3 0.40234375 0.27734375 0.0556640625 0.0556640625
