0 0.8388671875 0.2138671875 0.052734375 0.052734375
1 0.71484375 0.21484375 0.0546875 0.0546875
2 0.154296875 0.154296875 0.05859375 0.05859375
3 0.8369140625 0.8994140625 0.048828125 0.048828125
0 0.9033203125 0.3408203125 0.0576171875 0.0576171875
1 0.2109375 0.2109375 0.0478515625 0.0478515625
2 0.5244140625 0.0244140625 0.048828125 0.048828125
3 0.21484375 0.33984375 0.0556640625 0.0556640625
0 0.71484375 0.83984375 0.0546875 0.0546875
1 0.091796875 0.216796875 0.05859375 0.05859375
2 0.4013671875 0.6513671875 0.052734375 0.052734375
3 0.712890625 0.712890625 0.0517578125 0.0517578125
0 0.5234375 0.2734375 0.0478515625 0.0478515625
1 0.6494140625 0.8994140625 0.0498046875 0.0498046875
2 0.3994140625 0.8369140625 0.048828125 0.048828125
3 0.8369140625 0.1494140625 0.0498046875 0.0498046875
0 0.2763671875 0.9638671875 0.0537109375 0.0537109375
1 0.6494140625 0.6494140625 0.048828125 0.048828125
2 0.7138671875 0.3388671875 0.0537109375 0.0537109375
3 0.7763671875 0.7138671875 0.0537109375 0.0537109375
0 0.0859375 0.3984375 0.0478515625 0.0478515625
1 0.587890625 0.962890625 0.0517578125 0.0517578125
2 0.2744140625 0.0869140625 0.048828125 0.048828125
3 0.7138671875 0.4013671875 0.0537109375 0.0537109375
0 0.8359375 0.3984375 0.0478515625 0.0478515625
1 0.0263671875 0.9638671875 0.052734375 0.052734375
2 0.3369140625 0.5869140625 0.048828125 0.048828125
3 0.3359375 0.7109375 0.046875 0.046875
0 0.46484375 0.58984375 0.0546875 0.0546875
1 0.2744140625 0.5244140625 0.0498046875 0.0498046875
2 0.1484375 0.9609375 0.046875 0.046875
3 0.15234375 0.83984375 0.0546875 0.0546875
0 0.2158203125 0.0908203125 0.056640625 0.056640625
1 0.712890625 0.087890625 0.0517578125 0.0517578125
2 0.90234375 0.27734375 0.0546875 0.0546875
3 0.96484375 0.65234375 0.0546875 0.0546875
0 0.154296875 0.341796875 0.05859375 0.05859375
1 0.966796875 0.841796875 0.05859375 0.05859375
2 0.3388671875 0.0263671875 0.052734375 0.052734375
3 0.4013671875 0.9638671875 0.0537109375 0.0537109375
