0 0.900390625 0.275390625 0.05078125 0.05078125
1 0.40234375 0.15234375 0.0556640625 0.0556640625
2 0.7138671875 0.4013671875 0.052734375 0.052734375
3 0.900390625 0.525390625 0.05078125 0.05078125
0 0.0869140625 0.8994140625 0.048828125 0.048828125
1 0.716796875 0.779296875 0.0595703125 0.0595703125
2 0.154296875 0.091796875 0.05859375 0.05859375
3 0.52734375 0.15234375 0.0546875 0.0546875
0 0.0908203125 0.3408203125 0.056640625 0.056640625
1 0.6494140625 0.7744140625 0.0498046875 0.0498046875
2 0.52734375 0.58984375 0.0556640625 0.0556640625
3 0.0869140625 0.5244140625 0.0498046875 0.0498046875
0 0.77734375 0.46484375 0.0546875 0.0546875
1 0.6484375 0.3984375 0.046875 0.046875
2 0.83984375 0.52734375 0.0556640625 0.0556640625
3 0.4033203125 0.0283203125 0.0576171875 0.0576171875
0 0.0908203125 0.0908203125 0.056640625 0.056640625
1 0.5263671875 0.9638671875 0.052734375 0.052734375
2 0.4638671875 0.9638671875 0.0537109375 0.0537109375
3 0.1484375 0.6484375 0.0478515625 0.0478515625
0 0.525390625 0.525390625 0.0517578125 0.0517578125
1 0.6484375 0.4609375 0.0478515625 0.0478515625
2 0.90234375 0.83984375 0.0556640625 0.0556640625
3 0.4033203125 0.3408203125 0.056640625 0.056640625
0 0.1513671875 0.4638671875 0.0537109375 0.0537109375
1 0.337890625 0.400390625 0.0517578125 0.0517578125
2 0.8408203125 0.8408203125 0.056640625 0.056640625
3 0.150390625 0.775390625 0.0517578125 0.0517578125
0 0.275390625 0.962890625 0.0517578125 0.0517578125
1 0.341796875 0.279296875 0.05859375 0.05859375
2 0.15234375 0.90234375 0.0546875 0.0546875
3 0.5908203125 0.4658203125 0.0576171875 0.0576171875
0 0.2138671875 0.2763671875 0.0537109375 0.0537109375
1 0.6484375 0.0234375 0.0478515625 0.0478515625
2 0.9609375 0.9609375 0.0478515625 0.0478515625
3 0.9619140625 0.7119140625 0.048828125 0.048828125
0 0.0888671875 0.4638671875 0.0537109375 0.0537109375
1 0.1533203125 0.3408203125 0.0576171875 0.0576171875
2 0.9609375 0.0234375 0.046875 0.046875
3 0.5869140625 0.2119140625 0.048828125 0.048828125
