0 0.3994140625 0.2119140625 0.0498046875 0.0498046875
1 0.5244140625 0.1494140625 0.048828125 0.048828125
2 0.337890625 0.150390625 0.05078125 0.05078125
3 0.8369140625 0.5869140625 0.048828125 0.048828125
0 0.775390625 0.087890625 0.05078125 0.05078125
1 0.7744140625 0.9619140625 0.048828125 0.048828125
2 0.1533203125 0.9033203125 0.0576171875 0.0576171875
3 0.2158203125 0.0283203125 0.056640625 0.056640625
0 0.4658203125 0.2158203125 0.0576171875 0.0576171875
1 0.6513671875 0.0263671875 0.052734375 0.052734375
2 0.5908203125 0.1533203125 0.056640625 0.056640625
3 0.8994140625 0.7119140625 0.0498046875 0.0498046875
0 0.400390625 0.587890625 0.05078125 0.05078125
1 0.5234375 0.8984375 0.0478515625 0.0478515625
2 0.3369140625 0.9619140625 0.0498046875 0.0498046875
3 0.654296875 0.591796875 0.05859375 0.05859375
0 0.7734375 0.8984375 0.0478515625 0.0478515625
1 0.087890625 0.337890625 0.05078125 0.05078125
2 0.404296875 0.091796875 0.05859375 0.05859375
3 0.4638671875 0.3388671875 0.0537109375 0.0537109375
0 0.462890625 0.775390625 0.0517578125 0.0517578125
1 0.90234375 0.40234375 0.0546875 0.0546875
2 0.71484375 0.83984375 0.0546875 0.0546875
3 0.0244140625 0.2744140625 0.048828125 0.048828125
0 0.212890625 0.587890625 0.05078125 0.05078125
1 0.5859375 0.5859375 0.0478515625 0.0478515625
2 0.2744140625 0.9619140625 0.0498046875 0.0498046875
3 0.46484375 0.15234375 0.0556640625 0.0556640625
0 0.1533203125 0.7158203125 0.0576171875 0.0576171875
1 0.83984375 0.33984375 0.0546875 0.0546875
2 0.2119140625 0.7119140625 0.0498046875 0.0498046875
3 0.0283203125 0.5908203125 0.056640625 0.056640625
0 0.9638671875 0.0888671875 0.052734375 0.052734375
1 0.025390625 0.212890625 0.05078125 0.05078125
2 0.091796875 0.591796875 0.05859375 0.05859375
3 0.02734375 0.71484375 0.0546875 0.0546875
0 0.0234375 0.0234375 0.0478515625 0.0478515625
1 0.7744140625 0.6494140625 0.048828125 0.048828125
2 0.4013671875 0.6513671875 0.0537109375 0.0537109375
3 0.65234375 0.08984375 0.0546875 0.0546875
