0 0.8369140625 0.4619140625 0.048828125 0.048828125
1 0.275390625 0.087890625 0.05078125 0.05078125
2 0.0263671875 0.1513671875 0.052734375 0.052734375
3 0.46484375 0.02734375 0.0546875 0.0546875
0 0.091796875 0.341796875 0.05859375 0.05859375
1 0.341796875 0.216796875 0.05859375 0.05859375
2 0.6494140625 0.3369140625 0.048828125 0.048828125
3 0.400390625 0.275390625 0.05078125 0.05078125
0 0.0869140625 0.0869140625 0.048828125 0.048828125
1 0.65234375 0.27734375 0.0546875 0.0546875
2 0.2119140625 0.0869140625 0.0498046875 0.0498046875
3 0.525390625 0.962890625 0.0517578125 0.0517578125
0 0.1494140625 0.1494140625 0.048828125 0.048828125
1 0.525390625 0.712890625 0.05078125 0.05078125
2 0.466796875 0.529296875 0.0595703125 0.0595703125
3 0.0283203125 0.9658203125 0.056640625 0.056640625
0 0.3388671875 0.9013671875 0.052734375 0.052734375
1 0.2763671875 0.9638671875 0.052734375 0.052734375
2 0.4638671875 0.8388671875 0.0537109375 0.0537109375
3 0.33984375 0.27734375 0.0546875 0.0546875
0 0.8994140625 0.7744140625 0.0498046875 0.0498046875
1 0.5244140625 0.5869140625 0.048828125 0.048828125
2 0.404296875 0.529296875 0.0595703125 0.0595703125
3 0.46484375 0.71484375 0.0546875 0.0546875
0 0.900390625 0.712890625 0.05078125 0.05078125
1 0.5869140625 0.7744140625 0.048828125 0.048828125
2 0.8359375 0.1484375 0.0478515625 0.0478515625
3 0.0263671875 0.2138671875 0.0537109375 0.0537109375
0 0.716796875 0.779296875 0.05859375 0.05859375
1 0.7138671875 0.1513671875 0.0537109375 0.0537109375
2 0.8388671875 0.5888671875 0.052734375 0.052734375
3 0.0888671875 0.0263671875 0.0537109375 0.0537109375
0 0.4619140625 0.1494140625 0.048828125 0.048828125
1 0.025390625 0.275390625 0.0517578125 0.0517578125
2 0.3388671875 0.0263671875 0.052734375 0.052734375
3 0.4619140625 0.2744140625 0.048828125 0.048828125
0 0.216796875 0.654296875 0.05859375 0.05859375
1 0.7783203125 0.7158203125 0.056640625 0.056640625
2 0.9013671875 0.0888671875 0.052734375 0.052734375
3 0.279296875 0.716796875 0.05859375 0.05859375
