0 0.0869140625 0.8369140625 0.048828125 0.048828125
1 0.4658203125 0.7783203125 0.056640625 0.056640625
2 0.4658203125 0.9658203125 0.0576171875 0.0576171875
3 0.841796875 0.279296875 0.05859375 0.05859375
0 0.7138671875 0.5263671875 0.052734375 0.052734375
1 0.404296875 0.279296875 0.05859375 0.05859375
2 0.8984375 0.5859375 0.0478515625 0.0478515625
3 0.08984375 0.90234375 0.0556640625 0.0556640625
0 0.15234375 0.71484375 0.0556640625 0.0556640625
1 0.58984375 0.46484375 0.0556640625 0.0556640625
2 0.7158203125 0.6533203125 0.0576171875 0.0576171875
3 0.0263671875 0.7138671875 0.0537109375 0.0537109375
0 0.65234375 0.15234375 0.0546875 0.0546875
1 0.591796875 0.029296875 0.05859375 0.05859375
2 0.4013671875 0.0888671875 0.052734375 0.052734375
3 0.962890625 0.962890625 0.05078125 0.05078125
0 0.154296875 0.279296875 0.05859375 0.05859375
1 0.71484375 0.15234375 0.0556640625 0.0556640625
2 0.2744140625 0.5244140625 0.048828125 0.048828125
3 0.400390625 0.462890625 0.05078125 0.05078125
0 0.5283203125 0.9658203125 0.0576171875 0.0576171875
1 0.462890625 0.150390625 0.05078125 0.05078125
2 0.3359375 0.9609375 0.0478515625 0.0478515625
3 0.154296875 0.591796875 0.0595703125 0.0595703125
0 0.1494140625 0.8369140625 0.048828125 0.048828125
1 0.029296875 0.029296875 0.05859375 0.05859375
2 0.216796875 0.966796875 0.05859375 0.05859375
3 0.33984375 0.40234375 0.0556640625 0.0556640625
0 0.2138671875 0.3388671875 0.052734375 0.052734375
1 0.4658203125 0.2158203125 0.056640625 0.056640625
2 0.7119140625 0.3369140625 0.0498046875 0.0498046875
3 0.2744140625 0.8369140625 0.048828125 0.048828125
0 0.5263671875 0.2763671875 0.052734375 0.052734375
1 0.90234375 0.77734375 0.0546875 0.0546875
2 0.4013671875 0.7138671875 0.052734375 0.052734375
3 0.52734375 0.90234375 0.0546875 0.0546875
0 0.96484375 0.46484375 0.0546875 0.0546875
1 0.6494140625 0.2744140625 0.048828125 0.048828125
2 0.212890625 0.087890625 0.05078125 0.05078125
3 0.7744140625 0.0244140625 0.0498046875 0.0498046875
