0 0.33984375 0.27734375 0.0546875 0.0546875
1 0.6494140625 0.1494140625 0.0498046875 0.0498046875
2 0.9619140625 0.6494140625 0.048828125 0.048828125
3 0.33984375 0.77734375 0.0546875 0.0546875
0 0.2744140625 0.7744140625 0.0498046875 0.0498046875
1 0.775390625 0.900390625 0.05078125 0.05078125
2 0.5263671875 0.2763671875 0.0537109375 0.0537109375
3 0.466796875 0.529296875 0.05859375 0.05859375
0 0.3408203125 0.1533203125 0.0576171875 0.0576171875
1 0.27734375 0.27734375 0.0556640625 0.0556640625
2 0.3369140625 0.2119140625 0.0498046875 0.0498046875
3 0.8994140625 0.7744140625 0.048828125 0.048828125
0 0.7109375 0.8984375 0.0478515625 0.0478515625
1 0.71484375 0.02734375 0.0546875 0.0546875
2 0.6494140625 0.2744140625 0.0498046875 0.0498046875
3 0.2109375 0.1484375 0.046875 0.046875
0 0.212890625 0.025390625 0.0517578125 0.0517578125
1 0.0263671875 0.7763671875 0.0537109375 0.0537109375
2 0.5888671875 0.7138671875 0.0537109375 0.0537109375
3 0.9638671875 0.2763671875 0.052734375 0.052734375
0 0.466796875 0.466796875 0.05859375 0.05859375
1 0.837890625 0.650390625 0.05078125 0.05078125
2 0.96484375 0.90234375 0.0556640625 0.0556640625
3 0.966796875 0.154296875 0.05859375 0.05859375
0 0.150390625 0.025390625 0.0517578125 0.0517578125
1 0.029296875 0.029296875 0.0595703125 0.0595703125
2 0.650390625 0.650390625 0.0517578125 0.0517578125
3 0.8994140625 0.2119140625 0.048828125 0.048828125
0 0.6484375 0.3984375 0.0478515625 0.0478515625
1 0.466796875 0.591796875 0.05859375 0.05859375
2 0.587890625 0.775390625 0.05078125 0.05078125
3 0.33984375 0.65234375 0.0556640625 0.0556640625
0 0.0263671875 0.4638671875 0.052734375 0.052734375
1 0.337890625 0.337890625 0.0517578125 0.0517578125
2 0.8369140625 0.7119140625 0.0498046875 0.0498046875
3 0.5263671875 0.2138671875 0.052734375 0.052734375
0 0.2158203125 0.0908203125 0.056640625 0.056640625
1 0.7763671875 0.8388671875 0.0537109375 0.0537109375
2 0.5283203125 0.5283203125 0.056640625 0.056640625
3 0.837890625 0.962890625 0.05078125 0.05078125
