0 0.3994140625 0.0244140625 0.0498046875 0.0498046875
1 0.9638671875 0.4638671875 0.052734375 0.052734375
2 0.404296875 0.404296875 0.0595703125 0.0595703125
3 0.529296875 0.591796875 0.05859375 0.05859375
0 0.904296875 0.279296875 0.0595703125 0.0595703125
1 0.716796875 0.154296875 0.05859375 0.05859375
2 0.0244140625 0.2119140625 0.048828125 0.048828125
3 0.962890625 0.837890625 0.05078125 0.05078125
0 0.90234375 0.96484375 0.0556640625 0.0556640625
1 0.5869140625 0.2744140625 0.048828125 0.048828125
2 0.9658203125 0.9033203125 0.056640625 0.056640625
3 0.0859375 0.6484375 0.0478515625 0.0478515625
0 0.9609375 0.2109375 0.0478515625 0.0478515625
1 0.5908203125 0.7783203125 0.0576171875 0.0576171875
2 0.27734375 0.52734375 0.0556640625 0.0556640625
3 0.96484375 0.52734375 0.0546875 0.0546875
0 0.212890625 0.150390625 0.05078125 0.05078125
1 0.1513671875 0.5263671875 0.052734375 0.052734375
2 0.46484375 0.90234375 0.0546875 0.0546875
3 0.5869140625 0.5869140625 0.048828125 0.048828125
0 0.8984375 0.5859375 0.046875 0.046875
1 0.2119140625 0.4619140625 0.048828125 0.048828125
2 0.029296875 0.404296875 0.05859375 0.05859375
3 0.216796875 0.404296875 0.05859375 0.05859375
0 0.404296875 0.966796875 0.05859375 0.05859375
1 0.77734375 0.21484375 0.0546875 0.0546875
2 0.2158203125 0.9658203125 0.056640625 0.056640625
3 0.15234375 0.96484375 0.0546875 0.0546875
0 0.404296875 0.529296875 0.0595703125 0.0595703125
1 0.2138671875 0.2138671875 0.052734375 0.052734375
2 0.5859375 0.5234375 0.0478515625 0.0478515625
3 0.341796875 0.904296875 0.05859375 0.05859375
0 0.2783203125 0.9658203125 0.056640625 0.056640625
1 0.091796875 0.029296875 0.05859375 0.05859375
2 0.5263671875 0.5263671875 0.052734375 0.052734375
3 0.779296875 0.591796875 0.05859375 0.05859375
0 0.587890625 0.837890625 0.0517578125 0.0517578125
1 0.0908203125 0.7158203125 0.056640625 0.056640625
2 0.5869140625 0.2119140625 0.048828125 0.048828125
3 0.9033203125 0.4658203125 0.056640625 0.056640625
