0 0.1494140625 0.8994140625 0.0498046875 0.0498046875
1 0.2744140625 0.5244140625 0.048828125 0.048828125
2 0.966796875 0.029296875 0.0595703125 0.0595703125
3 0.2158203125 0.9033203125 0.056640625 0.056640625
0 0.52734375 0.96484375 0.0546875 0.0546875
1 0.5859375 0.0859375 0.046875 0.046875
2 0.4033203125 0.0908203125 0.0576171875 0.0576171875
3 0.7109375 0.9609375 0.046875 0.046875
0 0.40234375 0.40234375 0.0546875 0.0546875
1 0.837890625 0.962890625 0.0517578125 0.0517578125
2 0.4638671875 0.0888671875 0.0537109375 0.0537109375
3 0.8369140625 0.7744140625 0.0498046875 0.0498046875
0 0.0859375 0.7734375 0.0478515625 0.0478515625
1 0.6533203125 0.0908203125 0.0576171875 0.0576171875
2 0.525390625 0.525390625 0.05078125 0.05078125
3 0.9619140625 0.3994140625 0.048828125 0.048828125
0 0.21484375 0.40234375 0.0556640625 0.0556640625
1 0.9638671875 0.3388671875 0.0537109375 0.0537109375
2 0.9638671875 0.5888671875 0.052734375 0.052734375
3 0.7744140625 0.8994140625 0.0498046875 0.0498046875
0 0.2744140625 0.8369140625 0.048828125 0.048828125
1 0.3388671875 0.0263671875 0.052734375 0.052734375
2 0.462890625 0.837890625 0.05078125 0.05078125
3 0.9609375 0.8359375 0.0478515625 0.0478515625
0 0.0263671875 0.3388671875 0.052734375 0.052734375
1 0.400390625 0.587890625 0.0517578125 0.0517578125
2 0.4033203125 0.5283203125 0.056640625 0.056640625
3 0.46484375 0.71484375 0.0556640625 0.0556640625
0 0.775390625 0.400390625 0.0517578125 0.0517578125
1 0.712890625 0.775390625 0.0517578125 0.0517578125
2 0.3359375 0.4609375 0.0478515625 0.0478515625
3 0.775390625 0.025390625 0.0517578125 0.0517578125
0 0.9638671875 0.2763671875 0.052734375 0.052734375
1 0.587890625 0.337890625 0.05078125 0.05078125
2 0.77734375 0.33984375 0.0546875 0.0546875
3 0.6484375 0.4609375 0.0478515625 0.0478515625
0 0.3408203125 0.8408203125 0.056640625 0.056640625
1 0.587890625 0.650390625 0.05078125 0.05078125
2 0.466796875 0.466796875 0.05859375 0.05859375
3 0.02734375 0.40234375 0.0556640625 0.0556640625
