0 0.83984375 0.21484375 0.0556640625 0.0556640625
1 0.150390625 0.650390625 0.05078125 0.05078125
2 0.2763671875 0.3388671875 0.0537109375 0.0537109375
3 0.3408203125 0.4658203125 0.056640625 0.056640625
0 0.83984375 0.83984375 0.0556640625 0.0556640625
1 0.5859375 0.1484375 0.046875 0.046875
2 0.1513671875 0.1513671875 0.052734375 0.052734375
3 0.841796875 0.966796875 0.05859375 0.05859375
0 0.462890625 0.400390625 0.05078125 0.05078125
1 0.4619140625 0.9619140625 0.048828125 0.048828125
2 0.841796875 0.904296875 0.0595703125 0.0595703125
3 0.5888671875 0.5263671875 0.052734375 0.052734375
0 0.9609375 0.7734375 0.0478515625 0.0478515625
1 0.40234375 0.33984375 0.0556640625 0.0556640625
2 0.15234375 0.52734375 0.0546875 0.0546875
3 0.6513671875 0.0263671875 0.052734375 0.052734375
0 0.462890625 0.525390625 0.0517578125 0.0517578125
1 0.9619140625 0.6494140625 0.0498046875 0.0498046875
2 0.7734375 0.3984375 0.0478515625 0.0478515625
3 0.52734375 0.40234375 0.0556640625 0.0556640625
0 0.7119140625 0.0869140625 0.048828125 0.048828125
1 0.65234375 0.40234375 0.0546875 0.0546875
2 0.404296875 0.404296875 0.0595703125 0.0595703125
3 0.2783203125 0.4658203125 0.056640625 0.056640625
0 0.3994140625 0.4619140625 0.0498046875 0.0498046875
1 0.212890625 0.837890625 0.05078125 0.05078125
2 0.96484375 0.71484375 0.0546875 0.0546875
3 0.779296875 0.904296875 0.05859375 0.05859375
0 0.6494140625 0.0869140625 0.048828125 0.048828125
1 0.8369140625 0.4619140625 0.048828125 0.048828125
2 0.5859375 0.3359375 0.0478515625 0.0478515625
3 0.462890625 0.087890625 0.0517578125 0.0517578125
0 0.90234375 0.02734375 0.0556640625 0.0556640625
1 0.9619140625 0.5244140625 0.0498046875 0.0498046875
2 0.9013671875 0.6513671875 0.0537109375 0.0537109375
3 0.7158203125 0.0283203125 0.056640625 0.056640625
0 0.7109375 0.2109375 0.0478515625 0.0478515625
1 0.40234375 0.83984375 0.0556640625 0.0556640625
2 0.9033203125 0.8408203125 0.056640625 0.056640625
3 0.4609375 0.0234375 0.046875 0.046875
