0 0.2783203125 0.1533203125 0.0576171875 0.0576171875
1 0.9638671875 0.9638671875 0.052734375 0.052734375
2 0.52734375 0.77734375 0.0556640625 0.0556640625
3 0.8388671875 0.2138671875 0.0537109375 0.0537109375
0 0.08984375 0.08984375 0.0556640625 0.0556640625
1 0.525390625 0.525390625 0.0517578125 0.0517578125
2 0.3994140625 0.1494140625 0.048828125 0.048828125
3 0.2783203125 0.2783203125 0.0576171875 0.0576171875
0 0.466796875 0.341796875 0.05859375 0.05859375
1 0.3994140625 0.5244140625 0.0498046875 0.0498046875
2 0.0234375 0.0234375 0.0478515625 0.0478515625
3 0.6533203125 0.2158203125 0.056640625 0.056640625
0 0.1533203125 0.3408203125 0.056640625 0.056640625
1 0.404296875 0.654296875 0.0595703125 0.0595703125
2 0.6513671875 0.9013671875 0.0537109375 0.0537109375
3 0.0869140625 0.8994140625 0.048828125 0.048828125
0 0.900390625 0.400390625 0.0517578125 0.0517578125
1 0.5234375 0.2734375 0.0478515625 0.0478515625
2 0.8408203125 0.7158203125 0.0576171875 0.0576171875
3 0.462890625 0.087890625 0.05078125 0.05078125
0 0.83984375 0.65234375 0.0556640625 0.0556640625
1 0.2109375 0.6484375 0.0478515625 0.0478515625
2 0.08984375 0.83984375 0.0546875 0.0546875
3 0.2138671875 0.5263671875 0.052734375 0.052734375
0 0.8408203125 0.7783203125 0.0576171875 0.0576171875
1 0.9013671875 0.9013671875 0.0537109375 0.0537109375
2 0.712890625 0.650390625 0.05078125 0.05078125
3 0.58984375 0.83984375 0.0556640625 0.0556640625
0 0.025390625 0.962890625 0.05078125 0.05078125
1 0.2763671875 0.0263671875 0.0537109375 0.0537109375
2 0.8388671875 0.5263671875 0.052734375 0.052734375
3 0.7158203125 0.7158203125 0.056640625 0.056640625
0 0.3388671875 0.0888671875 0.0537109375 0.0537109375
1 0.4033203125 0.2783203125 0.0576171875 0.0576171875
2 0.0859375 0.3984375 0.0478515625 0.0478515625
3 0.9033203125 0.6533203125 0.056640625 0.056640625
0 0.9609375 0.5234375 0.0478515625 0.0478515625
1 0.1513671875 0.1513671875 0.0537109375 0.0537109375
2 0.21484375 0.46484375 0.0546875 0.0546875
3 0.71484375 0.83984375 0.0556640625 0.0556640625
