0 0.0263671875 0.7138671875 0.0537109375 0.0537109375
1 0.404296875 0.279296875 0.0595703125 0.0595703125
2 0.6533203125 0.7783203125 0.0576171875 0.0576171875
3 0.341796875 0.779296875 0.0595703125 0.0595703125
0 0.5263671875 0.7763671875 0.052734375 0.052734375
1 0.025390625 0.337890625 0.0517578125 0.0517578125
2 0.837890625 0.150390625 0.0517578125 0.0517578125
3 0.087890625 0.462890625 0.05078125 0.05078125
0 0.587890625 0.525390625 0.05078125 0.05078125
1 0.3994140625 0.0869140625 0.048828125 0.048828125
2 0.8369140625 0.3369140625 0.0498046875 0.0498046875
3 0.15234375 0.71484375 0.0556640625 0.0556640625
0 0.9658203125 0.1533203125 0.056640625 0.056640625
1 0.3388671875 0.5263671875 0.052734375 0.052734375
2 0.15234375 0.27734375 0.0546875 0.0546875
3 0.2783203125 0.3408203125 0.056640625 0.056640625
0 0.3984375 0.2109375 0.0478515625 0.0478515625
1 0.3408203125 0.4033203125 0.0576171875 0.0576171875
2 0.654296875 0.279296875 0.05859375 0.05859375
3 0.71484375 0.71484375 0.0546875 0.0546875
0 0.52734375 0.71484375 0.0546875 0.0546875
1 0.3369140625 0.5869140625 0.048828125 0.048828125
2 0.900390625 0.712890625 0.0517578125 0.0517578125
3 0.212890625 0.025390625 0.0517578125 0.0517578125
0 0.0908203125 0.8408203125 0.0576171875 0.0576171875
1 0.8359375 0.5234375 0.0478515625 0.0478515625
2 0.0244140625 0.6494140625 0.0498046875 0.0498046875
3 0.2138671875 0.3388671875 0.0537109375 0.0537109375
0 0.3408203125 0.0283203125 0.0576171875 0.0576171875
1 0.4619140625 0.4619140625 0.048828125 0.048828125
2 0.52734375 0.21484375 0.0546875 0.0546875
3 0.5283203125 0.5283203125 0.056640625 0.056640625
0 0.6494140625 0.4619140625 0.048828125 0.048828125
1 0.025390625 0.587890625 0.0517578125 0.0517578125
2 0.0888671875 0.5888671875 0.0537109375 0.0537109375
3 0.2783203125 0.7783203125 0.0576171875 0.0576171875
0 0.83984375 0.83984375 0.0546875 0.0546875
1 0.65234375 0.15234375 0.0546875 0.0546875
2 0.7158203125 0.3408203125 0.0576171875 0.0576171875
3 0.712890625 0.900390625 0.0517578125 0.0517578125
