0 0.650390625 0.900390625 0.0517578125 0.0517578125
1 0.90234375 0.21484375 0.0556640625 0.0556640625
2 0.7158203125 0.8408203125 0.056640625 0.056640625
3 0.900390625 0.650390625 0.05078125 0.05078125
0 0.7744140625 0.9619140625 0.0498046875 0.0498046875
1 0.8388671875 0.7138671875 0.052734375 0.052734375
2 0.341796875 0.904296875 0.05859375 0.05859375
3 0.4033203125 0.2158203125 0.056640625 0.056640625
0 0.9658203125 0.9658203125 0.056640625 0.056640625
1 0.837890625 0.462890625 0.0517578125 0.0517578125
2 0.1484375 0.1484375 0.0478515625 0.0478515625
3 0.83984375 0.83984375 0.0556640625 0.0556640625
0 0.9033203125 0.0283203125 0.056640625 0.056640625
1 0.1484375 0.6484375 0.0478515625 0.0478515625
2 0.1513671875 0.5888671875 0.052734375 0.052734375
3 0.7158203125 0.0283203125 0.056640625 0.056640625
0 0.5859375 0.0234375 0.0478515625 0.0478515625
1 0.5263671875 0.0263671875 0.0537109375 0.0537109375
2 0.4619140625 0.6494140625 0.048828125 0.048828125
3 0.462890625 0.400390625 0.0517578125 0.0517578125
0 0.2783203125 0.5908203125 0.056640625 0.056640625
1 0.529296875 0.966796875 0.05859375 0.05859375
2 0.087890625 0.837890625 0.0517578125 0.0517578125
3 0.716796875 0.654296875 0.05859375 0.05859375
0 0.0908203125 0.7783203125 0.056640625 0.056640625
1 0.77734375 0.27734375 0.0556640625 0.0556640625
2 0.3994140625 0.0869140625 0.048828125 0.048828125
3 0.4033203125 0.1533203125 0.056640625 0.056640625
0 0.8408203125 0.9658203125 0.0576171875 0.0576171875
1 0.279296875 0.904296875 0.0595703125 0.0595703125
2 0.3388671875 0.4013671875 0.052734375 0.052734375
3 0.52734375 0.33984375 0.0546875 0.0546875
0 0.275390625 0.525390625 0.05078125 0.05078125
1 0.650390625 0.212890625 0.05078125 0.05078125
2 0.77734375 0.83984375 0.0556640625 0.0556640625
3 0.3984375 0.6484375 0.0478515625 0.0478515625
0 0.90234375 0.58984375 0.0546875 0.0546875
1 0.966796875 0.841796875 0.05859375 0.05859375
2 0.0244140625 0.1494140625 0.048828125 0.048828125
3 0.46484375 0.77734375 0.0556640625 0.0556640625
