0 0.5244140625 0.0244140625 0.0498046875 0.0498046875
1 0.712890625 0.837890625 0.0517578125 0.0517578125
2 0.841796875 0.091796875 0.05859375 0.05859375
3 0.02734375 0.90234375 0.0546875 0.0546875
0 0.029296875 0.466796875 0.0595703125 0.0595703125
1 0.029296875 0.779296875 0.05859375 0.05859375
2 0.587890625 0.525390625 0.05078125 0.05078125
3 0.8408203125 0.8408203125 0.056640625 0.056640625
0 0.0888671875 0.9638671875 0.052734375 0.052734375
1 0.2783203125 0.2158203125 0.056640625 0.056640625
2 0.9638671875 0.2138671875 0.0537109375 0.0537109375
3 0.15234375 0.33984375 0.0546875 0.0546875
0 0.591796875 0.029296875 0.0595703125 0.0595703125
1 0.2119140625 0.0869140625 0.048828125 0.048828125
2 0.841796875 0.029296875 0.05859375 0.05859375
3 0.7138671875 0.5888671875 0.0537109375 0.0537109375
0 0.15234375 0.83984375 0.0546875 0.0546875
1 0.1484375 0.0859375 0.046875 0.046875
2 0.90234375 0.21484375 0.0556640625 0.0556640625
3 0.5908203125 0.9658203125 0.056640625 0.056640625
0 0.15234375 0.15234375 0.0546875 0.0546875
1 0.775390625 0.025390625 0.0517578125 0.0517578125
2 0.900390625 0.400390625 0.05078125 0.05078125
3 0.9638671875 0.0888671875 0.0537109375 0.0537109375
0 0.275390625 0.025390625 0.0517578125 0.0517578125
1 0.8388671875 0.7763671875 0.0537109375 0.0537109375
2 0.8408203125 0.2783203125 0.0576171875 0.0576171875
3 0.962890625 0.712890625 0.0517578125 0.0517578125
0 0.4033203125 0.2158203125 0.0576171875 0.0576171875
1 0.33984375 0.08984375 0.0556640625 0.0556640625
2 0.52734375 0.90234375 0.0546875 0.0546875
3 0.0263671875 0.2138671875 0.0537109375 0.0537109375
0 0.4658203125 0.4658203125 0.056640625 0.056640625
1 0.1484375 0.7734375 0.0478515625 0.0478515625
2 0.96484375 0.83984375 0.0556640625 0.0556640625
3 0.7783203125 0.2158203125 0.056640625 0.056640625
0 0.3388671875 0.4013671875 0.0537109375 0.0537109375
1 0.8984375 0.7109375 0.0478515625 0.0478515625
2 0.9619140625 0.6494140625 0.048828125 0.048828125
3 0.08984375 0.65234375 0.0556640625 0.0556640625
