0 0.02734375 0.90234375 0.0546875 0.0546875
1 0.5283203125 0.0283203125 0.0576171875 0.0576171875
2 0.462890625 0.837890625 0.05078125 0.05078125
3 0.8369140625 0.2744140625 0.0498046875 0.0498046875
0 0.7138671875 0.4638671875 0.052734375 0.052734375
1 0.58984375 0.77734375 0.0546875 0.0546875
2 0.3994140625 0.7119140625 0.0498046875 0.0498046875
3 0.525390625 0.462890625 0.0517578125 0.0517578125
0 0.02734375 0.77734375 0.0556640625 0.0556640625
1 0.337890625 0.775390625 0.05078125 0.05078125
2 0.341796875 0.529296875 0.05859375 0.05859375
3 0.15234375 0.58984375 0.0556640625 0.0556640625
0 0.5283203125 0.7783203125 0.0576171875 0.0576171875
1 0.650390625 0.962890625 0.05078125 0.05078125
2 0.2138671875 0.9638671875 0.0537109375 0.0537109375
3 0.9658203125 0.1533203125 0.056640625 0.056640625
0 0.7734375 0.8359375 0.0478515625 0.0478515625
1 0.0908203125 0.9033203125 0.056640625 0.056640625
2 0.400390625 0.462890625 0.0517578125 0.0517578125
3 0.775390625 0.775390625 0.05078125 0.05078125
0 0.7119140625 0.1494140625 0.048828125 0.048828125
1 0.216796875 0.654296875 0.05859375 0.05859375
2 0.33984375 0.96484375 0.0546875 0.0546875
3 0.9658203125 0.0283203125 0.0576171875 0.0576171875
0 0.08984375 0.46484375 0.0556640625 0.0556640625
1 0.0908203125 0.4033203125 0.056640625 0.056640625
2 0.529296875 0.529296875 0.05859375 0.05859375
3 0.962890625 0.337890625 0.0517578125 0.0517578125
0 0.900390625 0.775390625 0.05078125 0.05078125
1 0.775390625 0.525390625 0.05078125 0.05078125
2 0.9638671875 0.5888671875 0.052734375 0.052734375
3 0.525390625 0.587890625 0.05078125 0.05078125
0 0.40234375 0.40234375 0.0556640625 0.0556640625
1 0.9609375 0.8984375 0.0478515625 0.0478515625
2 0.400390625 0.900390625 0.05078125 0.05078125
3 0.966796875 0.654296875 0.05859375 0.05859375
0 0.6484375 0.1484375 0.0478515625 0.0478515625
1 0.2783203125 0.1533203125 0.0576171875 0.0576171875
2 0.775390625 0.087890625 0.05078125 0.05078125
3 0.8359375 0.5234375 0.0478515625 0.0478515625
