0 0.9658203125 0.7783203125 0.056640625 0.056640625
1 0.90234375 0.52734375 0.0556640625 0.0556640625
2 0.087890625 0.150390625 0.0517578125 0.0517578125
3 0.837890625 0.962890625 0.05078125 0.05078125
0 0.7734375 0.3359375 0.0478515625 0.0478515625
1 0.8408203125 0.0908203125 0.0576171875 0.0576171875
2 0.8408203125 0.0283203125 0.056640625 0.056640625
3 0.3369140625 0.4619140625 0.048828125 0.048828125
0 0.462890625 0.212890625 0.05078125 0.05078125
1 0.0234375 0.6484375 0.0478515625 0.0478515625
2 0.0888671875 0.4013671875 0.052734375 0.052734375
3 0.0888671875 0.5888671875 0.0537109375 0.0537109375
0 0.8408203125 0.2783203125 0.0576171875 0.0576171875
1 0.1484375 0.2734375 0.046875 0.046875
2 0.3388671875 0.0888671875 0.052734375 0.052734375
3 0.0908203125 0.5283203125 0.056640625 0.056640625
0 0.712890625 0.275390625 0.05078125 0.05078125
1 0.779296875 0.404296875 0.05859375 0.05859375
2 0.212890625 0.025390625 0.0517578125 0.0517578125
3 0.08984375 0.02734375 0.0556640625 0.0556640625
0 0.21484375 0.65234375 0.0546875 0.0546875
1 0.5283203125 0.0283203125 0.056640625 0.056640625
2 0.15234375 0.77734375 0.0546875 0.0546875
3 0.150390625 0.400390625 0.05078125 0.05078125
0 0.0859375 0.8359375 0.046875 0.046875
1 0.7119140625 0.7119140625 0.048828125 0.048828125
2 0.4658203125 0.6533203125 0.056640625 0.056640625
3 0.275390625 0.525390625 0.0517578125 0.0517578125
0 0.712890625 0.150390625 0.0517578125 0.0517578125
1 0.2119140625 0.8994140625 0.0498046875 0.0498046875
2 0.341796875 0.591796875 0.05859375 0.05859375
3 0.9033203125 0.6533203125 0.056640625 0.056640625
0 0.7119140625 0.3369140625 0.0498046875 0.0498046875
1 0.7783203125 0.7158203125 0.056640625 0.056640625
2 0.6494140625 0.8369140625 0.0498046875 0.0498046875
3 0.58984375 0.33984375 0.0556640625 0.0556640625
0 0.716796875 0.591796875 0.05859375 0.05859375
1 0.6513671875 0.0263671875 0.0537109375 0.0537109375
2 0.837890625 0.587890625 0.05078125 0.05078125
3 0.654296875 0.279296875 0.05859375 0.05859375
