0 0.0234375 0.7109375 0.0478515625 0.0478515625
1 0.3369140625 0.0869140625 0.048828125 0.048828125
2 0.087890625 0.087890625 0.0517578125 0.0517578125
3 0.2744140625 0.5869140625 0.048828125 0.048828125
0 0.712890625 0.087890625 0.0517578125 0.0517578125
1 0.775390625 0.962890625 0.05078125 0.05078125
2 0.8359375 0.2109375 0.046875 0.046875
3 0.9609375 0.7734375 0.046875 0.046875
0 0.591796875 0.154296875 0.05859375 0.05859375
1 0.279296875 0.216796875 0.0595703125 0.0595703125
2 0.6533203125 0.8408203125 0.0576171875 0.0576171875
3 0.5263671875 0.7763671875 0.052734375 0.052734375
0 0.2109375 0.8359375 0.046875 0.046875
1 0.4619140625 0.5869140625 0.0498046875 0.0498046875
2 0.8984375 0.5234375 0.0478515625 0.0478515625
3 0.216796875 0.654296875 0.0595703125 0.0595703125
0 0.83984375 0.58984375 0.0556640625 0.0556640625
1 0.0908203125 0.7783203125 0.056640625 0.056640625
2 0.025390625 0.837890625 0.0517578125 0.0517578125
3 0.2119140625 0.2119140625 0.048828125 0.048828125
0 0.3388671875 0.9638671875 0.0537109375 0.0537109375
1 0.2119140625 0.0869140625 0.048828125 0.048828125
2 0.8994140625 0.9619140625 0.048828125 0.048828125
3 0.0888671875 0.5888671875 0.052734375 0.052734375
0 0.779296875 0.029296875 0.0595703125 0.0595703125
1 0.4619140625 0.3994140625 0.048828125 0.048828125
2 0.27734375 0.15234375 0.0556640625 0.0556640625
3 0.2158203125 0.2783203125 0.0576171875 0.0576171875
0 0.1494140625 0.3369140625 0.048828125 0.048828125
1 0.3994140625 0.3369140625 0.0498046875 0.0498046875
2 0.8359375 0.4609375 0.0478515625 0.0478515625
3 0.962890625 0.275390625 0.0517578125 0.0517578125
0 0.77734375 0.33984375 0.0556640625 0.0556640625
1 0.96484375 0.33984375 0.0556640625 0.0556640625
2 0.96484375 0.83984375 0.0556640625 0.0556640625
3 0.27734375 0.40234375 0.0556640625 0.0556640625
0 0.3408203125 0.4033203125 0.0576171875 0.0576171875
1 0.462890625 0.775390625 0.05078125 0.05078125
2 0.525390625 0.150390625 0.05078125 0.05078125
3 0.7734375 0.4609375 0.0478515625 0.0478515625
