0 0.58984375 0.21484375 0.0556640625 0.0556640625
1 0.8388671875 0.0888671875 0.052734375 0.052734375
2 0.52734375 0.33984375 0.0556640625 0.0556640625
3 0.46484375 0.83984375 0.0546875 0.0546875
0 0.0263671875 0.1513671875 0.0537109375 0.0537109375
1 0.46484375 0.71484375 0.0546875 0.0546875
2 0.529296875 0.591796875 0.05859375 0.05859375
3 0.8994140625 0.7119140625 0.048828125 0.048828125
0 0.525390625 0.900390625 0.0517578125 0.0517578125
1 0.404296875 0.841796875 0.0595703125 0.0595703125
2 0.087890625 0.400390625 0.05078125 0.05078125
3 0.2763671875 0.4638671875 0.0537109375 0.0537109375
0 0.712890625 0.962890625 0.05078125 0.05078125
1 0.337890625 0.587890625 0.05078125 0.05078125
2 0.462890625 0.150390625 0.0517578125 0.0517578125
3 0.1533203125 0.8408203125 0.0576171875 0.0576171875
0 0.904296875 0.654296875 0.05859375 0.05859375
1 0.5859375 0.7109375 0.046875 0.046875
2 0.7763671875 0.1513671875 0.052734375 0.052734375
3 0.7109375 0.5859375 0.046875 0.046875
0 0.15234375 0.96484375 0.0556640625 0.0556640625
1 0.654296875 0.466796875 0.0595703125 0.0595703125
2 0.1494140625 0.2119140625 0.048828125 0.048828125
3 0.654296875 0.841796875 0.05859375 0.05859375
0 0.08984375 0.33984375 0.0546875 0.0546875
1 0.466796875 0.779296875 0.05859375 0.05859375
2 0.0859375 0.7734375 0.0478515625 0.0478515625
3 0.5908203125 0.4658203125 0.056640625 0.056640625
0 0.654296875 0.591796875 0.05859375 0.05859375
1 0.8359375 0.2109375 0.046875 0.046875
2 0.3408203125 0.9658203125 0.056640625 0.056640625
3 0.2158203125 0.5908203125 0.0576171875 0.0576171875
0 0.1533203125 0.2783203125 0.056640625 0.056640625
1 0.9013671875 0.3388671875 0.052734375 0.052734375
2 0.0888671875 0.4638671875 0.052734375 0.052734375
3 0.3994140625 0.3369140625 0.0498046875 0.0498046875
0 0.2119140625 0.1494140625 0.0498046875 0.0498046875
1 0.2763671875 0.0888671875 0.0537109375 0.0537109375
2 0.7783203125 0.2158203125 0.056640625 0.056640625
3 0.7744140625 0.9619140625 0.0498046875 0.0498046875
