0 0.841796875 0.966796875 0.0595703125 0.0595703125
1 0.6533203125 0.5283203125 0.056640625 0.056640625
2 0.4658203125 0.9658203125 0.056640625 0.056640625
3 0.9619140625 0.5244140625 0.0498046875 0.0498046875
0 0.529296875 0.341796875 0.0595703125 0.0595703125
1 0.21484375 0.77734375 0.0546875 0.0546875
2 0.7109375 0.0859375 0.0478515625 0.0478515625
3 0.2744140625 0.5244140625 0.0498046875 0.0498046875
0 0.716796875 0.466796875 0.0595703125 0.0595703125
1 0.6494140625 0.3994140625 0.048828125 0.048828125
2 0.3388671875 0.1513671875 0.052734375 0.052734375
3 0.025390625 0.650390625 0.05078125 0.05078125
0 0.1494140625 0.5244140625 0.0498046875 0.0498046875
1 0.154296875 0.091796875 0.05859375 0.05859375
2 0.83984375 0.46484375 0.0556640625 0.0556640625
3 0.0244140625 0.2744140625 0.048828125 0.048828125
0 0.27734375 0.15234375 0.0556640625 0.0556640625
1 0.5869140625 0.2744140625 0.048828125 0.048828125
2 0.9638671875 0.2138671875 0.052734375 0.052734375
3 0.3408203125 0.0283203125 0.056640625 0.056640625
0 0.9638671875 0.3388671875 0.0537109375 0.0537109375
1 0.7744140625 0.7744140625 0.048828125 0.048828125
2 0.087890625 0.400390625 0.05078125 0.05078125
3 0.4013671875 0.7763671875 0.052734375 0.052734375
0 0.5283203125 0.1533203125 0.0576171875 0.0576171875
1 0.5234375 0.8359375 0.046875 0.046875
2 0.5869140625 0.7119140625 0.0498046875 0.0498046875
3 0.58984375 0.40234375 0.0546875 0.0546875
0 0.337890625 0.337890625 0.0517578125 0.0517578125
1 0.83984375 0.83984375 0.0556640625 0.0556640625
2 0.8359375 0.3359375 0.0478515625 0.0478515625
3 0.7783203125 0.9033203125 0.0576171875 0.0576171875
0 0.58984375 0.65234375 0.0546875 0.0546875
1 0.775390625 0.212890625 0.0517578125 0.0517578125
2 0.02734375 0.15234375 0.0556640625 0.0556640625
3 0.8994140625 0.0869140625 0.0498046875 0.0498046875
0 0.8408203125 0.2783203125 0.056640625 0.056640625
1 0.3408203125 0.4658203125 0.0576171875 0.0576171875
2 0.0859375 0.8984375 0.0478515625 0.0478515625
3 0.4013671875 0.8388671875 0.052734375 0.052734375
