0 0.716796875 0.716796875 0.05859375 0.05859375
1 0.0888671875 0.3388671875 0.0537109375 0.0537109375
2 0.591796875 0.779296875 0.05859375 0.05859375
3 0.0263671875 0.9013671875 0.0537109375 0.0537109375
0 0.275390625 0.712890625 0.05078125 0.05078125
1 0.90234375 0.58984375 0.0546875 0.0546875
2 0.4013671875 0.6513671875 0.0537109375 0.0537109375
3 0.779296875 0.966796875 0.05859375 0.05859375
0 0.529296875 0.591796875 0.05859375 0.05859375
1 0.3408203125 0.9033203125 0.056640625 0.056640625
2 0.2783203125 0.4658203125 0.0576171875 0.0576171875
3 0.779296875 0.654296875 0.0595703125 0.0595703125
0 0.150390625 0.025390625 0.05078125 0.05078125
1 0.2158203125 0.7783203125 0.0576171875 0.0576171875
2 0.46484375 0.52734375 0.0556640625 0.0556640625
3 0.6484375 0.2734375 0.0478515625 0.0478515625
0 0.96484375 0.21484375 0.0546875 0.0546875
1 0.716796875 0.529296875 0.05859375 0.05859375
2 0.65234375 0.65234375 0.0546875 0.0546875
3 0.587890625 0.962890625 0.0517578125 0.0517578125
0 0.462890625 0.462890625 0.05078125 0.05078125
1 0.90234375 0.65234375 0.0546875 0.0546875
2 0.3408203125 0.7783203125 0.0576171875 0.0576171875
3 0.2158203125 0.4658203125 0.0576171875 0.0576171875
0 0.0263671875 0.7138671875 0.0537109375 0.0537109375
1 0.0283203125 0.4658203125 0.056640625 0.056640625
2 0.7138671875 0.8388671875 0.0537109375 0.0537109375
3 0.0908203125 0.7158203125 0.0576171875 0.0576171875
0 0.9658203125 0.0908203125 0.0576171875 0.0576171875
1 0.5283203125 0.2158203125 0.0576171875 0.0576171875
2 0.90234375 0.21484375 0.0546875 0.0546875
3 0.154296875 0.216796875 0.05859375 0.05859375
0 0.1513671875 0.6513671875 0.052734375 0.052734375
1 0.5908203125 0.5908203125 0.0576171875 0.0576171875
2 0.3994140625 0.4619140625 0.048828125 0.048828125
3 0.837890625 0.337890625 0.0517578125 0.0517578125
0 0.65234375 0.71484375 0.0546875 0.0546875
1 0.65234375 0.21484375 0.0546875 0.0546875
2 0.1513671875 0.0888671875 0.052734375 0.052734375
3 0.9658203125 0.7158203125 0.0576171875 0.0576171875
