0 0.779296875 0.216796875 0.05859375 0.05859375
1 0.8994140625 0.8994140625 0.048828125 0.048828125
2 0.0908203125 0.7158203125 0.056640625 0.056640625
3 0.3984375 0.3359375 0.0478515625 0.0478515625
0 0.587890625 0.650390625 0.0517578125 0.0517578125
1 0.8369140625 0.7119140625 0.048828125 0.048828125
2 0.90234375 0.58984375 0.0556640625 0.0556640625
3 0.1533203125 0.7158203125 0.0576171875 0.0576171875
0 0.025390625 0.025390625 0.0517578125 0.0517578125
1 0.462890625 0.587890625 0.0517578125 0.0517578125
2 0.3359375 0.3984375 0.0478515625 0.0478515625
3 0.7158203125 0.9033203125 0.056640625 0.056640625
0 0.08984375 0.15234375 0.0556640625 0.0556640625
1 0.0244140625 0.6494140625 0.0498046875 0.0498046875
2 0.712890625 0.150390625 0.0517578125 0.0517578125
3 0.7763671875 0.3388671875 0.0537109375 0.0537109375
0 0.9658203125 0.4033203125 0.0576171875 0.0576171875
1 0.3359375 0.9609375 0.0478515625 0.0478515625
2 0.216796875 0.091796875 0.05859375 0.05859375
3 0.962890625 0.212890625 0.05078125 0.05078125
0 0.77734375 0.40234375 0.0546875 0.0546875
1 0.025390625 0.962890625 0.05078125 0.05078125
2 0.712890625 0.650390625 0.0517578125 0.0517578125
3 0.5283203125 0.9658203125 0.0576171875 0.0576171875
0 0.525390625 0.650390625 0.0517578125 0.0517578125
1 0.3369140625 0.1494140625 0.048828125 0.048828125
2 0.0888671875 0.8388671875 0.0537109375 0.0537109375
3 0.8408203125 0.9033203125 0.0576171875 0.0576171875
0 0.5869140625 0.1494140625 0.048828125 0.048828125
1 0.779296875 0.779296875 0.05859375 0.05859375
2 0.65234375 0.33984375 0.0546875 0.0546875
3 0.462890625 0.087890625 0.0517578125 0.0517578125
0 0.525390625 0.462890625 0.05078125 0.05078125
1 0.3369140625 0.4619140625 0.0498046875 0.0498046875
2 0.400390625 0.025390625 0.0517578125 0.0517578125
3 0.7158203125 0.5283203125 0.0576171875 0.0576171875
0 0.4658203125 0.3408203125 0.056640625 0.056640625
1 0.52734375 0.83984375 0.0546875 0.0546875
2 0.46484375 0.21484375 0.0556640625 0.0556640625
3 0.150390625 0.962890625 0.0517578125 0.0517578125
