0 0.650390625 0.087890625 0.0517578125 0.0517578125
1 0.6513671875 0.4638671875 0.0537109375 0.0537109375
2 0.0234375 0.8359375 0.046875 0.046875
3 0.71484375 0.15234375 0.0556640625 0.0556640625
0 0.33984375 0.40234375 0.0546875 0.0546875
1 0.0263671875 0.5263671875 0.052734375 0.052734375
2 0.1494140625 0.2119140625 0.0498046875 0.0498046875
3 0.1533203125 0.7158203125 0.0576171875 0.0576171875
0 0.841796875 0.466796875 0.05859375 0.05859375
1 0.8408203125 0.5908203125 0.0576171875 0.0576171875
2 0.21484375 0.40234375 0.0556640625 0.0556640625
3 0.4658203125 0.4033203125 0.0576171875 0.0576171875
0 0.5283203125 0.7158203125 0.0576171875 0.0576171875
1 0.71484375 0.08984375 0.0546875 0.0546875
2 0.4619140625 0.0244140625 0.048828125 0.048828125
3 0.1533203125 0.0283203125 0.0576171875 0.0576171875
0 0.5244140625 0.9619140625 0.048828125 0.048828125
1 0.2109375 0.7734375 0.0478515625 0.0478515625
2 0.7119140625 0.5244140625 0.0498046875 0.0498046875
3 0.7744140625 0.4619140625 0.048828125 0.048828125
0 0.5263671875 0.5263671875 0.052734375 0.052734375
1 0.2783203125 0.8408203125 0.056640625 0.056640625
2 0.9013671875 0.4638671875 0.0537109375 0.0537109375
3 0.400390625 0.775390625 0.05078125 0.05078125
0 0.0859375 0.4609375 0.046875 0.046875
1 0.96484375 0.52734375 0.0546875 0.0546875
2 0.40234375 0.15234375 0.0556640625 0.0556640625
3 0.3369140625 0.3369140625 0.0498046875 0.0498046875
0 0.841796875 0.654296875 0.05859375 0.05859375
1 0.1494140625 0.8994140625 0.0498046875 0.0498046875
2 0.52734375 0.21484375 0.0556640625 0.0556640625
3 0.216796875 0.841796875 0.0595703125 0.0595703125
0 0.52734375 0.40234375 0.0556640625 0.0556640625
1 0.2158203125 0.9658203125 0.056640625 0.056640625
2 0.8984375 0.0859375 0.0478515625 0.0478515625
3 0.9619140625 0.0869140625 0.0498046875 0.0498046875
0 0.9013671875 0.8388671875 0.0537109375 0.0537109375
1 0.7734375 0.2109375 0.046875 0.046875
2 0.650390625 0.275390625 0.0517578125 0.0517578125
3 0.08984375 0.52734375 0.0546875 0.0546875
