0 0.1484375 0.8359375 0.0478515625 0.0478515625
1 0.0234375 0.0859375 0.046875 0.046875
2 0.4619140625 0.9619140625 0.048828125 0.048828125
3 0.1494140625 0.3994140625 0.0498046875 0.0498046875
0 0.091796875 0.154296875 0.05859375 0.05859375
1 0.7734375 0.0859375 0.046875 0.046875
2 0.7158203125 0.7783203125 0.0576171875 0.0576171875
3 0.7744140625 0.3994140625 0.0498046875 0.0498046875
0 0.46484375 0.52734375 0.0546875 0.0546875
1 0.27734375 0.02734375 0.0556640625 0.0556640625
2 0.841796875 0.216796875 0.0595703125 0.0595703125
3 0.087890625 0.837890625 0.0517578125 0.0517578125
0 0.21484375 0.46484375 0.0556640625 0.0556640625
1 0.1494140625 0.2744140625 0.0498046875 0.0498046875
2 0.9619140625 0.5869140625 0.0498046875 0.0498046875
3 0.15234375 0.52734375 0.0556640625 0.0556640625
0 0.8369140625 0.5244140625 0.0498046875 0.0498046875
1 0.9619140625 0.7119140625 0.0498046875 0.0498046875
2 0.5869140625 0.6494140625 0.0498046875 0.0498046875
3 0.7783203125 0.2783203125 0.0576171875 0.0576171875
0 0.962890625 0.400390625 0.05078125 0.05078125
1 0.0263671875 0.8388671875 0.0537109375 0.0537109375
2 0.2119140625 0.5244140625 0.048828125 0.048828125
3 0.525390625 0.650390625 0.05078125 0.05078125
0 0.837890625 0.775390625 0.05078125 0.05078125
1 0.3408203125 0.6533203125 0.0576171875 0.0576171875
2 0.962890625 0.212890625 0.05078125 0.05078125
3 0.90234375 0.58984375 0.0556640625 0.0556640625
0 0.5244140625 0.9619140625 0.048828125 0.048828125
1 0.0244140625 0.2744140625 0.048828125 0.048828125
2 0.9609375 0.8359375 0.0478515625 0.0478515625
3 0.5908203125 0.1533203125 0.056640625 0.056640625
0 0.0888671875 0.0888671875 0.0537109375 0.0537109375
1 0.0244140625 0.7744140625 0.0498046875 0.0498046875
2 0.6533203125 0.7783203125 0.0576171875 0.0576171875
3 0.2734375 0.2734375 0.0478515625 0.0478515625
0 0.9013671875 0.7138671875 0.052734375 0.052734375
1 0.400390625 0.962890625 0.05078125 0.05078125
2 0.58984375 0.46484375 0.0546875 0.0546875
3 0.0263671875 0.9638671875 0.0537109375 0.0537109375
