0 0.4013671875 0.8388671875 0.0537109375 0.0537109375
1 0.525390625 0.837890625 0.0517578125 0.0517578125
2 0.2763671875 0.3388671875 0.0537109375 0.0537109375
3 0.40234375 0.33984375 0.0546875 0.0546875
0 0.962890625 0.775390625 0.0517578125 0.0517578125
1 0.0263671875 0.0263671875 0.052734375 0.052734375
2 0.5263671875 0.4638671875 0.052734375 0.052734375
3 0.3408203125 0.8408203125 0.056640625 0.056640625
0 0.71484375 0.71484375 0.0546875 0.0546875
1 0.654296875 0.279296875 0.0595703125 0.0595703125
2 0.4033203125 0.2158203125 0.056640625 0.056640625
3 0.8984375 0.8359375 0.0478515625 0.0478515625
0 0.529296875 0.404296875 0.05859375 0.05859375
1 0.4638671875 0.9013671875 0.0537109375 0.0537109375
2 0.15234375 0.52734375 0.0556640625 0.0556640625
3 0.9638671875 0.6513671875 0.052734375 0.052734375
0 0.1513671875 0.2763671875 0.0537109375 0.0537109375
1 0.02734375 0.96484375 0.0556640625 0.0556640625
2 0.6494140625 0.8369140625 0.048828125 0.048828125
3 0.0283203125 0.8408203125 0.0576171875 0.0576171875
0 0.5888671875 0.5888671875 0.052734375 0.052734375
1 0.3369140625 0.6494140625 0.0498046875 0.0498046875
2 0.5859375 0.8359375 0.0478515625 0.0478515625
3 0.0908203125 0.5908203125 0.0576171875 0.0576171875
0 0.7783203125 0.1533203125 0.056640625 0.056640625
1 0.5869140625 0.2744140625 0.048828125 0.048828125
2 0.4033203125 0.7158203125 0.0576171875 0.0576171875
3 0.1484375 0.6484375 0.0478515625 0.0478515625
0 0.462890625 0.275390625 0.0517578125 0.0517578125
1 0.279296875 0.654296875 0.05859375 0.05859375
2 0.529296875 0.966796875 0.05859375 0.05859375
3 0.2158203125 0.2783203125 0.056640625 0.056640625
0 0.7734375 0.5234375 0.0478515625 0.0478515625
1 0.3994140625 0.9619140625 0.048828125 0.048828125
2 0.279296875 0.716796875 0.0595703125 0.0595703125
3 0.654296875 0.779296875 0.05859375 0.05859375
0 0.7783203125 0.6533203125 0.0576171875 0.0576171875
1 0.275390625 0.962890625 0.05078125 0.05078125
2 0.529296875 0.716796875 0.05859375 0.05859375
3 0.90234375 0.90234375 0.0556640625 0.0556640625
