0 0.4619140625 0.3994140625 0.0498046875 0.0498046875
1 0.091796875 0.029296875 0.0595703125 0.0595703125
2 0.2119140625 0.5244140625 0.0498046875 0.0498046875
3 0.8359375 0.0234375 0.0478515625 0.0478515625
0 0.33984375 0.46484375 0.0556640625 0.0556640625
1 0.716796875 0.091796875 0.05859375 0.05859375
2 0.52734375 0.65234375 0.0546875 0.0546875
3 0.654296875 0.404296875 0.05859375 0.05859375
0 0.466796875 0.029296875 0.05859375 0.05859375
1 0.904296875 0.716796875 0.05859375 0.05859375
2 0.341796875 0.904296875 0.05859375 0.05859375
3 0.7783203125 0.5908203125 0.0576171875 0.0576171875
0 0.5888671875 0.0888671875 0.0537109375 0.0537109375
1 0.2109375 0.7734375 0.046875 0.046875
2 0.96484375 0.02734375 0.0556640625 0.0556640625
3 0.4658203125 0.9658203125 0.056640625 0.056640625
0 0.029296875 0.591796875 0.0595703125 0.0595703125
1 0.4638671875 0.7763671875 0.052734375 0.052734375
2 0.5869140625 0.7744140625 0.048828125 0.048828125
3 0.2763671875 0.0888671875 0.0537109375 0.0537109375
0 0.2158203125 0.0283203125 0.056640625 0.056640625
1 0.15234375 0.21484375 0.0556640625 0.0556640625
2 0.587890625 0.712890625 0.05078125 0.05078125
3 0.0869140625 0.5869140625 0.048828125 0.048828125
0 0.154296875 0.466796875 0.05859375 0.05859375
1 0.712890625 0.025390625 0.0517578125 0.0517578125
2 0.5283203125 0.2158203125 0.0576171875 0.0576171875
3 0.150390625 0.962890625 0.05078125 0.05078125
0 0.7119140625 0.4619140625 0.0498046875 0.0498046875
1 0.837890625 0.650390625 0.05078125 0.05078125
2 0.2763671875 0.5888671875 0.052734375 0.052734375
3 0.65234375 0.33984375 0.0556640625 0.0556640625
0 0.0859375 0.0859375 0.0478515625 0.0478515625
1 0.4658203125 0.1533203125 0.0576171875 0.0576171875
2 0.962890625 0.150390625 0.0517578125 0.0517578125
3 0.40234375 0.46484375 0.0546875 0.0546875
0 0.3369140625 0.2119140625 0.0498046875 0.0498046875
1 0.0234375 0.0234375 0.0478515625 0.0478515625
2 0.8369140625 0.3369140625 0.048828125 0.048828125
3 0.40234375 0.08984375 0.0546875 0.0546875
