0 0.52734375 0.27734375 0.0556640625 0.0556640625
1 0.8369140625 0.5869140625 0.0498046875 0.0498046875
2 0.77734375 0.71484375 0.0556640625 0.0556640625
3 0.2138671875 0.2138671875 0.052734375 0.052734375
0 0.9658203125 0.3408203125 0.0576171875 0.0576171875
1 0.5263671875 0.1513671875 0.052734375 0.052734375
2 0.9013671875 0.7763671875 0.052734375 0.052734375
3 0.8408203125 0.2783203125 0.056640625 0.056640625
0 0.08984375 0.58984375 0.0546875 0.0546875
1 0.3359375 0.5234375 0.0478515625 0.0478515625
2 0.462890625 0.212890625 0.0517578125 0.0517578125
3 0.900390625 0.962890625 0.05078125 0.05078125
0 0.7138671875 0.6513671875 0.052734375 0.052734375
1 0.404296875 0.029296875 0.05859375 0.05859375
2 0.279296875 0.529296875 0.0595703125 0.0595703125
3 0.712890625 0.962890625 0.05078125 0.05078125
0 0.5283203125 0.9658203125 0.056640625 0.056640625
1 0.7119140625 0.7119140625 0.0498046875 0.0498046875
2 0.77734375 0.83984375 0.0556640625 0.0556640625
3 0.591796875 0.091796875 0.05859375 0.05859375
0 0.712890625 0.462890625 0.0517578125 0.0517578125
1 0.90234375 0.90234375 0.0546875 0.0546875
2 0.525390625 0.025390625 0.0517578125 0.0517578125
3 0.3388671875 0.6513671875 0.052734375 0.052734375
0 0.4033203125 0.0908203125 0.0576171875 0.0576171875
1 0.71484375 0.83984375 0.0556640625 0.0556640625
2 0.02734375 0.90234375 0.0556640625 0.0556640625
3 0.025390625 0.337890625 0.0517578125 0.0517578125
0 0.966796875 0.904296875 0.05859375 0.05859375
1 0.525390625 0.712890625 0.05078125 0.05078125
2 0.650390625 0.587890625 0.0517578125 0.0517578125
3 0.3408203125 0.3408203125 0.056640625 0.056640625
0 0.8984375 0.2109375 0.0478515625 0.0478515625
1 0.8359375 0.6484375 0.046875 0.046875
2 0.4619140625 0.1494140625 0.048828125 0.048828125
3 0.4619140625 0.7119140625 0.048828125 0.048828125
0 0.087890625 0.525390625 0.0517578125 0.0517578125
1 0.2138671875 0.6513671875 0.052734375 0.052734375
2 0.2783203125 0.0283203125 0.056640625 0.056640625
3 0.0263671875 0.6513671875 0.052734375 0.052734375
