0 0.08984375 0.46484375 0.0556640625 0.0556640625
1 0.0263671875 0.9013671875 0.052734375 0.052734375
2 0.4013671875 0.2138671875 0.052734375 0.052734375
3 0.5888671875 0.8388671875 0.052734375 0.052734375
0 0.966796875 0.841796875 0.05859375 0.05859375
1 0.3388671875 0.9013671875 0.0537109375 0.0537109375
2 0.837890625 0.400390625 0.05078125 0.05078125
3 0.466796875 0.779296875 0.05859375 0.05859375
0 0.275390625 0.650390625 0.05078125 0.05078125
1 0.529296875 0.841796875 0.05859375 0.05859375
2 0.02734375 0.33984375 0.0556640625 0.0556640625
3 0.1513671875 0.8388671875 0.052734375 0.052734375
0 0.712890625 0.212890625 0.0517578125 0.0517578125
1 0.341796875 0.154296875 0.05859375 0.05859375
2 0.1513671875 0.1513671875 0.052734375 0.052734375
3 0.2763671875 0.1513671875 0.0537109375 0.0537109375
0 0.0283203125 0.2158203125 0.056640625 0.056640625
1 0.6484375 0.5234375 0.0478515625 0.0478515625
2 0.404296875 0.779296875 0.0595703125 0.0595703125
3 0.2734375 0.7734375 0.0478515625 0.0478515625
0 0.9013671875 0.5263671875 0.0537109375 0.0537109375
1 0.7138671875 0.7138671875 0.052734375 0.052734375
2 0.775390625 0.525390625 0.0517578125 0.0517578125
3 0.7119140625 0.5869140625 0.048828125 0.048828125
0 0.5869140625 0.7119140625 0.048828125 0.048828125
1 0.5908203125 0.9658203125 0.0576171875 0.0576171875
2 0.3388671875 0.6513671875 0.0537109375 0.0537109375
3 0.212890625 0.525390625 0.0517578125 0.0517578125
0 0.0869140625 0.7119140625 0.048828125 0.048828125
1 0.6533203125 0.7158203125 0.0576171875 0.0576171875
2 0.2158203125 0.4033203125 0.056640625 0.056640625
3 0.7744140625 0.0244140625 0.048828125 0.048828125
0 0.1533203125 0.7158203125 0.0576171875 0.0576171875
1 0.529296875 0.279296875 0.05859375 0.05859375
2 0.654296875 0.341796875 0.05859375 0.05859375
3 0.2734375 0.0859375 0.046875 0.046875
0 0.5869140625 0.8994140625 0.048828125 0.048828125
1 0.6494140625 0.6494140625 0.0498046875 0.0498046875
2 0.08984375 0.77734375 0.0546875 0.0546875
3 0.6513671875 0.4638671875 0.0537109375 0.0537109375
