0 0.1513671875 0.1513671875 0.0537109375 0.0537109375
1 0.9013671875 0.8388671875 0.052734375 0.052734375
2 0.7744140625 0.9619140625 0.048828125 0.048828125
3 0.091796875 0.154296875 0.0595703125 0.0595703125
0 0.4609375 0.5234375 0.0478515625 0.0478515625
1 0.1494140625 0.0869140625 0.0498046875 0.0498046875
2 0.7158203125 0.0283203125 0.056640625 0.056640625
3 0.6533203125 0.5283203125 0.0576171875 0.0576171875
0 0.58984375 0.15234375 0.0556640625 0.0556640625
1 0.837890625 0.275390625 0.0517578125 0.0517578125
2 0.71484375 0.08984375 0.0556640625 0.0556640625
3 0.1484375 0.2734375 0.0478515625 0.0478515625
0 0.8984375 0.0859375 0.046875 0.046875
1 0.525390625 0.587890625 0.0517578125 0.0517578125
2 0.0869140625 0.0244140625 0.048828125 0.048828125
3 0.0888671875 0.4013671875 0.052734375 0.052734375
0 0.9658203125 0.2158203125 0.056640625 0.056640625
1 0.2783203125 0.5908203125 0.056640625 0.056640625
2 0.0869140625 0.2744140625 0.0498046875 0.0498046875
3 0.337890625 0.025390625 0.0517578125 0.0517578125
0 0.8408203125 0.4658203125 0.0576171875 0.0576171875
1 0.4658203125 0.9658203125 0.0576171875 0.0576171875
2 0.337890625 0.900390625 0.0517578125 0.0517578125
3 0.9638671875 0.0263671875 0.052734375 0.052734375
0 0.6533203125 0.2783203125 0.0576171875 0.0576171875
1 0.71484375 0.21484375 0.0556640625 0.0556640625
2 0.40234375 0.65234375 0.0546875 0.0546875
3 0.7744140625 0.3994140625 0.0498046875 0.0498046875
0 0.466796875 0.279296875 0.0595703125 0.0595703125
1 0.7783203125 0.4658203125 0.056640625 0.056640625
2 0.279296875 0.654296875 0.0595703125 0.0595703125
3 0.0283203125 0.4658203125 0.056640625 0.056640625
0 0.7119140625 0.5244140625 0.0498046875 0.0498046875
1 0.4033203125 0.5283203125 0.0576171875 0.0576171875
2 0.0283203125 0.8408203125 0.0576171875 0.0576171875
3 0.400390625 0.837890625 0.0517578125 0.0517578125
0 0.4033203125 0.1533203125 0.0576171875 0.0576171875
1 0.9658203125 0.1533203125 0.056640625 0.056640625
2 0.27734375 0.08984375 0.0556640625 0.0556640625
3 0.08984375 0.21484375 0.0556640625 0.0556640625
