0 0.212890625 0.025390625 0.05078125 0.05078125
1 0.0283203125 0.7158203125 0.056640625 0.056640625
2 0.7138671875 0.5888671875 0.052734375 0.052734375
3 0.3984375 0.9609375 0.0478515625 0.0478515625
0 0.1494140625 0.9619140625 0.0498046875 0.0498046875
1 0.587890625 0.087890625 0.05078125 0.05078125
2 0.2158203125 0.7783203125 0.056640625 0.056640625
3 0.087890625 0.775390625 0.05078125 0.05078125
0 0.0283203125 0.0908203125 0.0576171875 0.0576171875
1 0.6513671875 0.2763671875 0.052734375 0.052734375
2 0.3388671875 0.0888671875 0.052734375 0.052734375
3 0.40234375 0.58984375 0.0556640625 0.0556640625
0 0.5888671875 0.7763671875 0.0537109375 0.0537109375
1 0.02734375 0.40234375 0.0556640625 0.0556640625
2 0.7734375 0.6484375 0.0478515625 0.0478515625
3 0.9658203125 0.7158203125 0.056640625 0.056640625
0 0.091796875 0.404296875 0.05859375 0.05859375
1 0.27734375 0.33984375 0.0546875 0.0546875
2 0.779296875 0.779296875 0.05859375 0.05859375
3 0.0263671875 0.9638671875 0.052734375 0.052734375
0 0.0244140625 0.7744140625 0.0498046875 0.0498046875
1 0.025390625 0.587890625 0.0517578125 0.0517578125
2 0.525390625 0.900390625 0.0517578125 0.0517578125
3 0.2744140625 0.4619140625 0.0498046875 0.0498046875
0 0.58984375 0.21484375 0.0556640625 0.0556640625
1 0.5263671875 0.7763671875 0.0537109375 0.0537109375
2 0.7138671875 0.7138671875 0.0537109375 0.0537109375
3 0.4033203125 0.4033203125 0.056640625 0.056640625
0 0.9609375 0.0859375 0.046875 0.046875
1 0.0234375 0.5234375 0.046875 0.046875
2 0.4619140625 0.8369140625 0.0498046875 0.0498046875
3 0.4638671875 0.5888671875 0.0537109375 0.0537109375
0 0.775390625 0.212890625 0.05078125 0.05078125
1 0.65234375 0.46484375 0.0546875 0.0546875
2 0.4638671875 0.2138671875 0.0537109375 0.0537109375
3 0.4638671875 0.0263671875 0.0537109375 0.0537109375
0 0.3408203125 0.4033203125 0.0576171875 0.0576171875
1 0.7119140625 0.0244140625 0.0498046875 0.0498046875
2 0.0869140625 0.4619140625 0.048828125 0.048828125
3 0.1494140625 0.7744140625 0.0498046875 0.0498046875
