0 0.5908203125 0.7783203125 0.056640625 0.056640625
1 0.779296875 0.966796875 0.0595703125 0.0595703125
2 0.8369140625 0.7744140625 0.0498046875 0.0498046875
3 0.212890625 0.837890625 0.05078125 0.05078125
0 0.1533203125 0.2783203125 0.056640625 0.056640625
1 0.0888671875 0.2138671875 0.052734375 0.052734375
2 0.6494140625 0.8369140625 0.048828125 0.048828125
3 0.900390625 0.525390625 0.0517578125 0.0517578125
0 0.0283203125 0.0908203125 0.056640625 0.056640625
1 0.9013671875 0.4013671875 0.0537109375 0.0537109375
2 0.6484375 0.8984375 0.046875 0.046875
3 0.9638671875 0.0888671875 0.052734375 0.052734375
0 0.1513671875 0.0263671875 0.052734375 0.052734375
1 0.962890625 0.212890625 0.0517578125 0.0517578125
2 0.2783203125 0.0283203125 0.056640625 0.056640625
3 0.1533203125 0.6533203125 0.0576171875 0.0576171875
0 0.4619140625 0.3369140625 0.048828125 0.048828125
1 0.90234375 0.02734375 0.0556640625 0.0556640625
2 0.8388671875 0.3388671875 0.052734375 0.052734375
3 0.654296875 0.591796875 0.05859375 0.05859375
0 0.8408203125 0.0283203125 0.056640625 0.056640625
1 0.40234375 0.02734375 0.0546875 0.0546875
2 0.6494140625 0.6494140625 0.048828125 0.048828125
3 0.837890625 0.462890625 0.05078125 0.05078125
0 0.8994140625 0.9619140625 0.048828125 0.048828125
1 0.341796875 0.466796875 0.0595703125 0.0595703125
2 0.4609375 0.0859375 0.0478515625 0.0478515625
3 0.40234375 0.27734375 0.0556640625 0.0556640625
0 0.58984375 0.40234375 0.0556640625 0.0556640625
1 0.6494140625 0.5244140625 0.0498046875 0.0498046875
2 0.08984375 0.83984375 0.0546875 0.0546875
3 0.9619140625 0.9619140625 0.048828125 0.048828125
0 0.091796875 0.029296875 0.05859375 0.05859375
1 0.525390625 0.025390625 0.0517578125 0.0517578125
2 0.3359375 0.0859375 0.0478515625 0.0478515625
3 0.529296875 0.841796875 0.05859375 0.05859375
0 0.779296875 0.029296875 0.05859375 0.05859375
1 0.02734375 0.65234375 0.0546875 0.0546875
2 0.08984375 0.40234375 0.0546875 0.0546875
3 0.33984375 0.77734375 0.0556640625 0.0556640625
