0 0.4013671875 0.5888671875 0.052734375 0.052734375
1 0.58984375 0.77734375 0.0556640625 0.0556640625
2 0.279296875 0.404296875 0.05859375 0.05859375
3 0.3359375 0.8359375 0.046875 0.046875
0 0.216796875 0.591796875 0.05859375 0.05859375
1 0.1484375 0.1484375 0.0478515625 0.0478515625
2 0.08984375 0.40234375 0.0556640625 0.0556640625
3 0.2109375 0.8984375 0.046875 0.046875
0 0.7158203125 0.7158203125 0.0576171875 0.0576171875
1 0.90234375 0.02734375 0.0556640625 0.0556640625
2 0.8994140625 0.6494140625 0.048828125 0.048828125
3 0.154296875 0.279296875 0.05859375 0.05859375
0 0.087890625 0.837890625 0.0517578125 0.0517578125
1 0.5234375 0.7734375 0.0478515625 0.0478515625
2 0.7763671875 0.9638671875 0.0537109375 0.0537109375
3 0.466796875 0.404296875 0.05859375 0.05859375
0 0.150390625 0.962890625 0.0517578125 0.0517578125
1 0.3359375 0.8984375 0.0478515625 0.0478515625
2 0.591796875 0.716796875 0.05859375 0.05859375
3 0.5869140625 0.8369140625 0.0498046875 0.0498046875
0 0.0244140625 0.0869140625 0.0498046875 0.0498046875
1 0.4638671875 0.5263671875 0.052734375 0.052734375
2 0.7109375 0.7734375 0.046875 0.046875
3 0.02734375 0.90234375 0.0556640625 0.0556640625
0 0.5244140625 0.4619140625 0.048828125 0.048828125
1 0.966796875 0.154296875 0.0595703125 0.0595703125
2 0.5869140625 0.4619140625 0.0498046875 0.0498046875
3 0.216796875 0.404296875 0.05859375 0.05859375
0 0.216796875 0.216796875 0.05859375 0.05859375
1 0.27734375 0.65234375 0.0546875 0.0546875
2 0.591796875 0.216796875 0.05859375 0.05859375
3 0.2119140625 0.7119140625 0.048828125 0.048828125
0 0.7734375 0.1484375 0.046875 0.046875
1 0.4609375 0.3359375 0.0478515625 0.0478515625
2 0.90234375 0.08984375 0.0546875 0.0546875
3 0.1533203125 0.8408203125 0.0576171875 0.0576171875
0 0.2763671875 0.4638671875 0.052734375 0.052734375
1 0.33984375 0.27734375 0.0556640625 0.0556640625
2 0.7783203125 0.7783203125 0.056640625 0.056640625
3 0.5283203125 0.8408203125 0.0576171875 0.0576171875
