0 0.8984375 0.2109375 0.0478515625 0.0478515625
1 0.02734375 0.71484375 0.0546875 0.0546875
2 0.0859375 0.2109375 0.0478515625 0.0478515625
3 0.2783203125 0.1533203125 0.056640625 0.056640625
0 0.6533203125 0.7158203125 0.056640625 0.056640625
1 0.5263671875 0.3388671875 0.052734375 0.052734375
2 0.150390625 0.525390625 0.0517578125 0.0517578125
3 0.33984375 0.15234375 0.0556640625 0.0556640625
0 0.8369140625 0.4619140625 0.048828125 0.048828125
1 0.2158203125 0.8408203125 0.056640625 0.056640625
2 0.025390625 0.650390625 0.05078125 0.05078125
3 0.8408203125 0.1533203125 0.056640625 0.056640625
0 0.58984375 0.40234375 0.0556640625 0.0556640625
1 0.9638671875 0.5263671875 0.0537109375 0.0537109375
2 0.9658203125 0.9658203125 0.0576171875 0.0576171875
3 0.83984375 0.71484375 0.0556640625 0.0556640625
0 0.0908203125 0.7158203125 0.0576171875 0.0576171875
1 0.3994140625 0.8994140625 0.048828125 0.048828125
2 0.650390625 0.337890625 0.0517578125 0.0517578125
3 0.5888671875 0.7763671875 0.052734375 0.052734375
0 0.33984375 0.71484375 0.0546875 0.0546875
1 0.2783203125 0.5908203125 0.0576171875 0.0576171875
2 0.6533203125 0.9033203125 0.0576171875 0.0576171875
3 0.275390625 0.025390625 0.0517578125 0.0517578125
0 0.8359375 0.6484375 0.0478515625 0.0478515625
1 0.212890625 0.587890625 0.05078125 0.05078125
2 0.591796875 0.716796875 0.05859375 0.05859375
3 0.525390625 0.650390625 0.05078125 0.05078125
0 0.6533203125 0.0908203125 0.0576171875 0.0576171875
1 0.1533203125 0.4658203125 0.056640625 0.056640625
2 0.5859375 0.8359375 0.0478515625 0.0478515625
3 0.7744140625 0.3994140625 0.048828125 0.048828125
0 0.3994140625 0.2119140625 0.0498046875 0.0498046875
1 0.0908203125 0.7783203125 0.0576171875 0.0576171875
2 0.1494140625 0.7744140625 0.048828125 0.048828125
3 0.7158203125 0.9033203125 0.056640625 0.056640625
0 0.462890625 0.775390625 0.05078125 0.05078125
1 0.27734375 0.77734375 0.0556640625 0.0556640625
2 0.2783203125 0.5283203125 0.056640625 0.056640625
3 0.5234375 0.3984375 0.0478515625 0.0478515625
