0 0.0869140625 0.5869140625 0.0498046875 0.0498046875
1 0.0908203125 0.2783203125 0.056640625 0.056640625
2 0.962890625 0.650390625 0.05078125 0.05078125
3 0.712890625 0.525390625 0.0517578125 0.0517578125
0 0.3984375 0.7734375 0.0478515625 0.0478515625
1 0.58984375 0.71484375 0.0546875 0.0546875
2 0.966796875 0.341796875 0.05859375 0.05859375
3 0.0869140625 0.0869140625 0.048828125 0.048828125
0 0.0263671875 0.0888671875 0.052734375 0.052734375
1 0.4658203125 0.8408203125 0.0576171875 0.0576171875
2 0.96484375 0.08984375 0.0556640625 0.0556640625
3 0.462890625 0.212890625 0.0517578125 0.0517578125
0 0.779296875 0.466796875 0.0595703125 0.0595703125
1 0.0244140625 0.5244140625 0.0498046875 0.0498046875
2 0.966796875 0.216796875 0.0595703125 0.0595703125
3 0.27734375 0.83984375 0.0556640625 0.0556640625
0 0.8359375 0.9609375 0.0478515625 0.0478515625
1 0.8369140625 0.6494140625 0.0498046875 0.0498046875
2 0.091796875 0.404296875 0.05859375 0.05859375
3 0.2744140625 0.3994140625 0.048828125 0.048828125
0 0.5283203125 0.7158203125 0.0576171875 0.0576171875
1 0.9619140625 0.8994140625 0.0498046875 0.0498046875
2 0.4013671875 0.1513671875 0.0537109375 0.0537109375
3 0.8388671875 0.9013671875 0.052734375 0.052734375
0 0.525390625 0.400390625 0.05078125 0.05078125
1 0.65234375 0.02734375 0.0546875 0.0546875
2 0.650390625 0.150390625 0.0517578125 0.0517578125
3 0.4609375 0.0859375 0.0478515625 0.0478515625
0 0.7119140625 0.3369140625 0.0498046875 0.0498046875
1 0.2783203125 0.7783203125 0.0576171875 0.0576171875
2 0.587890625 0.587890625 0.0517578125 0.0517578125
3 0.525390625 0.150390625 0.05078125 0.05078125
0 0.3408203125 0.0283203125 0.056640625 0.056640625
1 0.279296875 0.029296875 0.05859375 0.05859375
2 0.96484375 0.71484375 0.0556640625 0.0556640625
3 0.7763671875 0.9013671875 0.052734375 0.052734375
0 0.5869140625 0.4619140625 0.0498046875 0.0498046875
1 0.150390625 0.150390625 0.0517578125 0.0517578125
2 0.029296875 0.029296875 0.05859375 0.05859375
3 0.3359375 0.3359375 0.046875 0.046875
