0 0.1484375 0.6484375 0.0478515625 0.0478515625
1 0.4619140625 0.2119140625 0.0498046875 0.0498046875
2 0.8388671875 0.6513671875 0.052734375 0.052734375
3 0.462890625 0.025390625 0.0517578125 0.0517578125
0 0.029296875 0.154296875 0.05859375 0.05859375
1 0.21484375 0.58984375 0.0546875 0.0546875
2 0.5263671875 0.8388671875 0.0537109375 0.0537109375
3 0.9033203125 0.2158203125 0.0576171875 0.0576171875
0 0.7138671875 0.5263671875 0.0537109375 0.0537109375
1 0.337890625 0.525390625 0.05078125 0.05078125
2 0.3388671875 0.5888671875 0.0537109375 0.0537109375
3 0.712890625 0.587890625 0.05078125 0.05078125
0 0.83984375 0.27734375 0.0556640625 0.0556640625
1 0.0869140625 0.0869140625 0.048828125 0.048828125
2 0.9658203125 0.0283203125 0.056640625 0.056640625
3 0.9013671875 0.7763671875 0.052734375 0.052734375
0 0.587890625 0.400390625 0.0517578125 0.0517578125
1 0.091796875 0.779296875 0.05859375 0.05859375
2 0.7119140625 0.7119140625 0.0498046875 0.0498046875
3 0.21484375 0.77734375 0.0546875 0.0546875
0 0.7734375 0.0234375 0.046875 0.046875
1 0.40234375 0.71484375 0.0556640625 0.0556640625
2 0.5234375 0.4609375 0.0478515625 0.0478515625
3 0.1513671875 0.8388671875 0.0537109375 0.0537109375
0 0.025390625 0.900390625 0.0517578125 0.0517578125
1 0.9609375 0.2734375 0.0478515625 0.0478515625
2 0.2763671875 0.9013671875 0.052734375 0.052734375
3 0.15234375 0.96484375 0.0546875 0.0546875
0 0.5283203125 0.0283203125 0.056640625 0.056640625
1 0.02734375 0.65234375 0.0556640625 0.0556640625
2 0.6513671875 0.8388671875 0.0537109375 0.0537109375
3 0.27734375 0.46484375 0.0546875 0.0546875
0 0.9013671875 0.4013671875 0.0537109375 0.0537109375
1 0.0859375 0.5234375 0.0478515625 0.0478515625
2 0.5244140625 0.1494140625 0.048828125 0.048828125
3 0.2783203125 0.0283203125 0.0576171875 0.0576171875
0 0.6513671875 0.5263671875 0.0537109375 0.0537109375
1 0.5244140625 0.2744140625 0.048828125 0.048828125
2 0.7734375 0.7734375 0.046875 0.046875
3 0.27734375 0.08984375 0.0556640625 0.0556640625
