0 0.3408203125 0.1533203125 0.0576171875 0.0576171875
1 0.587890625 0.400390625 0.05078125 0.05078125
2 0.5859375 0.4609375 0.046875 0.046875
3 0.08984375 0.71484375 0.0546875 0.0546875
0 0.2158203125 0.2783203125 0.056640625 0.056640625
1 0.5244140625 0.1494140625 0.0498046875 0.0498046875
2 0.1494140625 0.0869140625 0.048828125 0.048828125
3 0.6533203125 0.0908203125 0.0576171875 0.0576171875
0 0.4013671875 0.3388671875 0.052734375 0.052734375
1 0.08984375 0.27734375 0.0546875 0.0546875
2 0.716796875 0.091796875 0.05859375 0.05859375
3 0.2783203125 0.2158203125 0.0576171875 0.0576171875
0 0.71484375 0.58984375 0.0556640625 0.0556640625
1 0.154296875 0.279296875 0.0595703125 0.0595703125
2 0.2763671875 0.1513671875 0.0537109375 0.0537109375
3 0.3984375 0.7734375 0.0478515625 0.0478515625
0 0.8408203125 0.5283203125 0.0576171875 0.0576171875
1 0.5869140625 0.6494140625 0.048828125 0.048828125
2 0.3994140625 0.8994140625 0.048828125 0.048828125
3 0.0263671875 0.6513671875 0.0537109375 0.0537109375
0 0.400390625 0.962890625 0.0517578125 0.0517578125
1 0.400390625 0.837890625 0.0517578125 0.0517578125
2 0.9619140625 0.6494140625 0.048828125 0.048828125
3 0.4033203125 0.2783203125 0.0576171875 0.0576171875
0 0.279296875 0.716796875 0.05859375 0.05859375
1 0.712890625 0.400390625 0.0517578125 0.0517578125
2 0.0283203125 0.0283203125 0.056640625 0.056640625
3 0.462890625 0.212890625 0.05078125 0.05078125
0 0.1494140625 0.9619140625 0.048828125 0.048828125
1 0.71484375 0.52734375 0.0556640625 0.0556640625
2 0.525390625 0.900390625 0.05078125 0.05078125
3 0.6513671875 0.8388671875 0.0537109375 0.0537109375
0 0.1533203125 0.8408203125 0.0576171875 0.0576171875
1 0.0869140625 0.4619140625 0.0498046875 0.0498046875
2 0.587890625 0.025390625 0.0517578125 0.0517578125
3 0.90234375 0.08984375 0.0546875 0.0546875
0 0.3369140625 0.5869140625 0.0498046875 0.0498046875
1 0.0283203125 0.5283203125 0.056640625 0.056640625
2 0.2158203125 0.0908203125 0.056640625 0.056640625
3 0.4638671875 0.2763671875 0.052734375 0.052734375
