0 0.904296875 0.404296875 0.0595703125 0.0595703125
1 0.029296875 0.091796875 0.05859375 0.05859375
2 0.2109375 0.4609375 0.0478515625 0.0478515625
3 0.962890625 0.962890625 0.05078125 0.05078125
0 0.2158203125 0.7158203125 0.0576171875 0.0576171875
1 0.3408203125 0.4033203125 0.0576171875 0.0576171875
2 0.4619140625 0.7744140625 0.048828125 0.048828125
3 0.775390625 0.962890625 0.0517578125 0.0517578125
0 0.5869140625 0.6494140625 0.0498046875 0.0498046875
1 0.275390625 0.150390625 0.05078125 0.05078125
2 0.0908203125 0.1533203125 0.056640625 0.056640625
3 0.7138671875 0.4638671875 0.0537109375 0.0537109375
0 0.7138671875 0.5888671875 0.0537109375 0.0537109375
1 0.525390625 0.712890625 0.0517578125 0.0517578125
2 0.7109375 0.1484375 0.046875 0.046875
3 0.8359375 0.2734375 0.0478515625 0.0478515625
0 0.5888671875 0.4013671875 0.0537109375 0.0537109375
1 0.4033203125 0.0283203125 0.0576171875 0.0576171875
2 0.8369140625 0.7744140625 0.048828125 0.048828125
3 0.525390625 0.025390625 0.0517578125 0.0517578125
0 0.90234375 0.02734375 0.0556640625 0.0556640625
1 0.9033203125 0.2158203125 0.056640625 0.056640625
2 0.087890625 0.025390625 0.05078125 0.05078125
3 0.71484375 0.65234375 0.0556640625 0.0556640625
0 0.21484375 0.40234375 0.0546875 0.0546875
1 0.275390625 0.275390625 0.0517578125 0.0517578125
2 0.3388671875 0.1513671875 0.0537109375 0.0537109375
3 0.6494140625 0.2744140625 0.048828125 0.048828125
0 0.9638671875 0.1513671875 0.052734375 0.052734375
1 0.65234375 0.02734375 0.0546875 0.0546875
2 0.337890625 0.775390625 0.0517578125 0.0517578125
3 0.1533203125 0.1533203125 0.0576171875 0.0576171875
0 0.650390625 0.775390625 0.0517578125 0.0517578125
1 0.96484375 0.08984375 0.0556640625 0.0556640625
2 0.029296875 0.216796875 0.05859375 0.05859375
3 0.65234375 0.15234375 0.0546875 0.0546875
0 0.2783203125 0.0908203125 0.0576171875 0.0576171875
1 0.837890625 0.025390625 0.0517578125 0.0517578125
2 0.08984375 0.77734375 0.0556640625 0.0556640625
3 0.6484375 0.8359375 0.0478515625 0.0478515625
