0 0.27734375 0.21484375 0.0556640625 0.0556640625
1 0.4609375 0.8359375 0.0478515625 0.0478515625
2 0.0263671875 0.8388671875 0.0537109375 0.0537109375
3 0.02734375 0.08984375 0.0546875 0.0546875
0 0.21484375 0.02734375 0.0556640625 0.0556640625
1 0.904296875 0.966796875 0.05859375 0.05859375
2 0.9658203125 0.5908203125 0.0576171875 0.0576171875
3 0.21484375 0.77734375 0.0546875 0.0546875
0 0.5869140625 0.0244140625 0.0498046875 0.0498046875
1 0.904296875 0.779296875 0.0595703125 0.0595703125
2 0.904296875 0.716796875 0.05859375 0.05859375
3 0.77734375 0.77734375 0.0546875 0.0546875
0 0.904296875 0.466796875 0.0595703125 0.0595703125
1 0.779296875 0.029296875 0.05859375 0.05859375
2 0.212890625 0.650390625 0.05078125 0.05078125
3 0.5234375 0.2109375 0.0478515625 0.0478515625
0 0.4638671875 0.0888671875 0.0537109375 0.0537109375
1 0.150390625 0.587890625 0.05078125 0.05078125
2 0.2744140625 0.5244140625 0.0498046875 0.0498046875
3 0.33984375 0.83984375 0.0556640625 0.0556640625
0 0.9609375 0.7109375 0.046875 0.046875
1 0.2158203125 0.0908203125 0.056640625 0.056640625
2 0.3388671875 0.4638671875 0.052734375 0.052734375
3 0.4619140625 0.2744140625 0.0498046875 0.0498046875
0 0.7158203125 0.7783203125 0.0576171875 0.0576171875
1 0.7734375 0.3984375 0.046875 0.046875
2 0.0234375 0.7109375 0.0478515625 0.0478515625
3 0.779296875 0.966796875 0.05859375 0.05859375
0 0.2119140625 0.3994140625 0.0498046875 0.0498046875
1 0.9033203125 0.5908203125 0.056640625 0.056640625
2 0.0908203125 0.0283203125 0.0576171875 0.0576171875
3 0.0888671875 0.3388671875 0.052734375 0.052734375
0 0.212890625 0.212890625 0.0517578125 0.0517578125
1 0.7763671875 0.7138671875 0.052734375 0.052734375
2 0.46484375 0.52734375 0.0556640625 0.0556640625
3 0.337890625 0.650390625 0.0517578125 0.0517578125
0 0.6494140625 0.8369140625 0.048828125 0.048828125
1 0.15234375 0.08984375 0.0556640625 0.0556640625
2 0.58984375 0.96484375 0.0556640625 0.0556640625
3 0.275390625 0.150390625 0.05078125 0.05078125
