0 0.8388671875 0.6513671875 0.0537109375 0.0537109375
1 0.025390625 0.337890625 0.05078125 0.05078125
2 0.4013671875 0.2138671875 0.0537109375 0.0537109375
3 0.8359375 0.9609375 0.046875 0.046875
0 0.841796875 0.904296875 0.0595703125 0.0595703125
1 0.025390625 0.712890625 0.05078125 0.05078125
2 0.2158203125 0.0908203125 0.056640625 0.056640625
3 0.7109375 0.8984375 0.046875 0.046875
0 0.9619140625 0.9619140625 0.0498046875 0.0498046875
1 0.6494140625 0.5244140625 0.0498046875 0.0498046875
2 0.3388671875 0.4013671875 0.052734375 0.052734375
3 0.7763671875 0.8388671875 0.052734375 0.052734375
0 0.8408203125 0.1533203125 0.0576171875 0.0576171875
1 0.650390625 0.212890625 0.05078125 0.05078125
2 0.1484375 0.4609375 0.0478515625 0.0478515625
3 0.837890625 0.337890625 0.05078125 0.05078125
0 0.7138671875 0.4013671875 0.052734375 0.052734375
1 0.3408203125 0.4658203125 0.0576171875 0.0576171875
2 0.150390625 0.837890625 0.0517578125 0.0517578125
3 0.8984375 0.5234375 0.046875 0.046875
0 0.0888671875 0.7763671875 0.052734375 0.052734375
1 0.2783203125 0.9033203125 0.0576171875 0.0576171875
2 0.2138671875 0.5888671875 0.0537109375 0.0537109375
3 0.337890625 0.087890625 0.0517578125 0.0517578125
0 0.2783203125 0.6533203125 0.056640625 0.056640625
1 0.6533203125 0.2783203125 0.0576171875 0.0576171875
2 0.4638671875 0.7763671875 0.052734375 0.052734375
3 0.21484375 0.33984375 0.0546875 0.0546875
0 0.7763671875 0.9013671875 0.052734375 0.052734375
1 0.3359375 0.9609375 0.0478515625 0.0478515625
2 0.40234375 0.08984375 0.0556640625 0.0556640625
3 0.087890625 0.400390625 0.0517578125 0.0517578125
0 0.5859375 0.8984375 0.0478515625 0.0478515625
1 0.2119140625 0.2119140625 0.0498046875 0.0498046875
2 0.1533203125 0.5908203125 0.056640625 0.056640625
3 0.9619140625 0.5869140625 0.048828125 0.048828125
0 0.5283203125 0.4033203125 0.0576171875 0.0576171875
1 0.716796875 0.154296875 0.0595703125 0.0595703125
2 0.525390625 0.837890625 0.0517578125 0.0517578125
3 0.40234375 0.71484375 0.0546875 0.0546875
