0 0.7109375 0.0234375 0.0478515625 0.0478515625
1 0.8994140625 0.0244140625 0.0498046875 0.0498046875
2 0.712890625 0.462890625 0.05078125 0.05078125
3 0.90234375 0.08984375 0.0556640625 0.0556640625
0 0.7158203125 0.1533203125 0.056640625 0.056640625
1 0.0283203125 0.4033203125 0.056640625 0.056640625
2 0.0859375 0.9609375 0.0478515625 0.0478515625
3 0.466796875 0.779296875 0.05859375 0.05859375
0 0.3408203125 0.2158203125 0.056640625 0.056640625
1 0.0283203125 0.7158203125 0.0576171875 0.0576171875
2 0.1513671875 0.6513671875 0.0537109375 0.0537109375
3 0.2138671875 0.9638671875 0.052734375 0.052734375
0 0.0908203125 0.8408203125 0.0576171875 0.0576171875
1 0.0908203125 0.7783203125 0.056640625 0.056640625
2 0.21484375 0.52734375 0.0556640625 0.0556640625
3 0.7744140625 0.3994140625 0.048828125 0.048828125
0 0.5908203125 0.3408203125 0.056640625 0.056640625
1 0.2783203125 0.0908203125 0.056640625 0.056640625
2 0.8369140625 0.3369140625 0.048828125 0.048828125
3 0.5234375 0.5234375 0.0478515625 0.0478515625
0 0.4609375 0.3984375 0.046875 0.046875
1 0.650390625 0.900390625 0.0517578125 0.0517578125
2 0.3359375 0.8984375 0.046875 0.046875
3 0.7763671875 0.7763671875 0.052734375 0.052734375
0 0.3994140625 0.0244140625 0.0498046875 0.0498046875
1 0.7138671875 0.9638671875 0.0537109375 0.0537109375
2 0.2158203125 0.7158203125 0.0576171875 0.0576171875
3 0.6513671875 0.5263671875 0.0537109375 0.0537109375
0 0.712890625 0.400390625 0.05078125 0.05078125
1 0.5263671875 0.5888671875 0.052734375 0.052734375
2 0.1533203125 0.0283203125 0.056640625 0.056640625
3 0.337890625 0.025390625 0.05078125 0.05078125
0 0.5888671875 0.5888671875 0.0537109375 0.0537109375
1 0.5283203125 0.0283203125 0.056640625 0.056640625
2 0.841796875 0.654296875 0.05859375 0.05859375
3 0.46484375 0.02734375 0.0556640625 0.0556640625
0 0.3984375 0.7734375 0.0478515625 0.0478515625
1 0.837890625 0.025390625 0.0517578125 0.0517578125
2 0.8369140625 0.8994140625 0.0498046875 0.0498046875
3 0.4638671875 0.7138671875 0.052734375 0.052734375
