0 0.3994140625 0.8369140625 0.048828125 0.048828125
1 0.21484375 0.96484375 0.0546875 0.0546875
2 0.0908203125 0.4033203125 0.0576171875 0.0576171875
3 0.0859375 0.7109375 0.046875 0.046875
0 0.9619140625 0.8994140625 0.0498046875 0.0498046875
1 0.7119140625 0.2119140625 0.0498046875 0.0498046875
2 0.841796875 0.841796875 0.05859375 0.05859375
3 0.4033203125 0.5908203125 0.056640625 0.056640625
0 0.58984375 0.02734375 0.0556640625 0.0556640625
1 0.2158203125 0.2158203125 0.0576171875 0.0576171875
2 0.4013671875 0.3388671875 0.052734375 0.052734375
3 0.0263671875 0.0888671875 0.0537109375 0.0537109375
0 0.8369140625 0.3994140625 0.0498046875 0.0498046875
1 0.3408203125 0.2783203125 0.0576171875 0.0576171875
2 0.962890625 0.712890625 0.0517578125 0.0517578125
3 0.8359375 0.6484375 0.0478515625 0.0478515625
0 0.0888671875 0.0263671875 0.052734375 0.052734375
1 0.4619140625 0.2119140625 0.0498046875 0.0498046875
2 0.779296875 0.841796875 0.0595703125 0.0595703125
3 0.9658203125 0.2783203125 0.0576171875 0.0576171875
0 0.341796875 0.154296875 0.05859375 0.05859375
1 0.90234375 0.27734375 0.0556640625 0.0556640625
2 0.65234375 0.08984375 0.0546875 0.0546875
3 0.7119140625 0.3369140625 0.048828125 0.048828125
0 0.83984375 0.15234375 0.0556640625 0.0556640625
1 0.3369140625 0.0869140625 0.048828125 0.048828125
2 0.9033203125 0.6533203125 0.0576171875 0.0576171875
3 0.587890625 0.525390625 0.05078125 0.05078125
0 0.5859375 0.5859375 0.0478515625 0.0478515625
1 0.2109375 0.2734375 0.0478515625 0.0478515625
2 0.716796875 0.466796875 0.05859375 0.05859375
3 0.5234375 0.5234375 0.046875 0.046875
0 0.0888671875 0.7763671875 0.052734375 0.052734375
1 0.154296875 0.654296875 0.05859375 0.05859375
2 0.08984375 0.58984375 0.0556640625 0.0556640625
3 0.08984375 0.08984375 0.0546875 0.0546875
0 0.96484375 0.83984375 0.0546875 0.0546875
1 0.7763671875 0.0888671875 0.0537109375 0.0537109375
2 0.404296875 0.029296875 0.05859375 0.05859375
3 0.9013671875 0.7763671875 0.0537109375 0.0537109375
