0 0.7734375 0.5859375 0.046875 0.046875
1 0.900390625 0.025390625 0.05078125 0.05078125
2 0.5263671875 0.4638671875 0.052734375 0.052734375
3 0.2763671875 0.3388671875 0.0537109375 0.0537109375
0 0.3388671875 0.0888671875 0.052734375 0.052734375
1 0.96484375 0.77734375 0.0546875 0.0546875
2 0.5234375 0.5859375 0.0478515625 0.0478515625
3 0.462890625 0.275390625 0.0517578125 0.0517578125
0 0.9013671875 0.2138671875 0.0537109375 0.0537109375
1 0.154296875 0.341796875 0.05859375 0.05859375
2 0.3369140625 0.2119140625 0.048828125 0.048828125
3 0.21484375 0.71484375 0.0556640625 0.0556640625
0 0.5869140625 0.5869140625 0.048828125 0.048828125
1 0.27734375 0.90234375 0.0556640625 0.0556640625
2 0.71484375 0.90234375 0.0546875 0.0546875
3 0.150390625 0.025390625 0.0517578125 0.0517578125
0 0.5869140625 0.5244140625 0.048828125 0.048828125
1 0.71484375 0.77734375 0.0556640625 0.0556640625
2 0.9033203125 0.7783203125 0.056640625 0.056640625
3 0.904296875 0.341796875 0.05859375 0.05859375
0 0.650390625 0.150390625 0.05078125 0.05078125
1 0.091796875 0.779296875 0.05859375 0.05859375
2 0.1513671875 0.8388671875 0.052734375 0.052734375
3 0.7734375 0.3984375 0.046875 0.046875
0 0.1513671875 0.5263671875 0.0537109375 0.0537109375
1 0.77734375 0.52734375 0.0556640625 0.0556640625
2 0.4013671875 0.2763671875 0.0537109375 0.0537109375
3 0.0244140625 0.5869140625 0.048828125 0.048828125
0 0.779296875 0.904296875 0.05859375 0.05859375
1 0.6513671875 0.8388671875 0.0537109375 0.0537109375
2 0.52734375 0.21484375 0.0556640625 0.0556640625
3 0.33984375 0.77734375 0.0546875 0.0546875
0 0.3984375 0.9609375 0.0478515625 0.0478515625
1 0.0869140625 0.9619140625 0.048828125 0.048828125
2 0.33984375 0.65234375 0.0546875 0.0546875
3 0.5908203125 0.9658203125 0.056640625 0.056640625
0 0.712890625 0.212890625 0.05078125 0.05078125
1 0.9033203125 0.9658203125 0.0576171875 0.0576171875
2 0.2158203125 0.4658203125 0.0576171875 0.0576171875
3 0.1494140625 0.7119140625 0.048828125 0.048828125
