0 0.0888671875 0.4013671875 0.052734375 0.052734375
1 0.591796875 0.466796875 0.05859375 0.05859375
2 0.40234375 0.21484375 0.0546875 0.0546875
3 0.3994140625 0.6494140625 0.048828125 0.048828125
0 0.775390625 0.525390625 0.0517578125 0.0517578125
1 0.9033203125 0.5283203125 0.056640625 0.056640625
2 0.025390625 0.837890625 0.0517578125 0.0517578125
3 0.462890625 0.400390625 0.05078125 0.05078125
0 0.150390625 0.400390625 0.05078125 0.05078125
1 0.96484375 0.90234375 0.0556640625 0.0556640625
2 0.5869140625 0.0869140625 0.048828125 0.048828125
3 0.4638671875 0.8388671875 0.052734375 0.052734375
0 0.71484375 0.77734375 0.0556640625 0.0556640625
1 0.4619140625 0.5244140625 0.048828125 0.048828125
2 0.65234375 0.77734375 0.0556640625 0.0556640625
3 0.775390625 0.087890625 0.05078125 0.05078125
0 0.5908203125 0.1533203125 0.056640625 0.056640625
1 0.0244140625 0.2119140625 0.0498046875 0.0498046875
2 0.83984375 0.52734375 0.0556640625 0.0556640625
3 0.0888671875 0.2138671875 0.0537109375 0.0537109375
0 0.0869140625 0.6494140625 0.048828125 0.048828125
1 0.0283203125 0.0283203125 0.056640625 0.056640625
2 0.275390625 0.462890625 0.0517578125 0.0517578125
3 0.7109375 0.5234375 0.0478515625 0.0478515625
0 0.21484375 0.65234375 0.0546875 0.0546875
1 0.9658203125 0.0283203125 0.0576171875 0.0576171875
2 0.1494140625 0.9619140625 0.048828125 0.048828125
3 0.4013671875 0.4013671875 0.0537109375 0.0537109375
0 0.90234375 0.33984375 0.0556640625 0.0556640625
1 0.7109375 0.8984375 0.0478515625 0.0478515625
2 0.1533203125 0.0908203125 0.056640625 0.056640625
3 0.0283203125 0.4658203125 0.0576171875 0.0576171875
0 0.2744140625 0.2744140625 0.0498046875 0.0498046875
1 0.212890625 0.775390625 0.0517578125 0.0517578125
2 0.8369140625 0.7119140625 0.048828125 0.048828125
3 0.08984375 0.02734375 0.0546875 0.0546875
0 0.841796875 0.216796875 0.05859375 0.05859375
1 0.5283203125 0.5283203125 0.056640625 0.056640625
2 0.8388671875 0.4638671875 0.052734375 0.052734375
3 0.5888671875 0.7138671875 0.0537109375 0.0537109375
