0 0.3369140625 0.4619140625 0.048828125 0.048828125
1 0.466796875 0.466796875 0.05859375 0.05859375
2 0.83984375 0.15234375 0.0546875 0.0546875
3 0.21484375 0.83984375 0.0546875 0.0546875
0 0.3994140625 0.5244140625 0.0498046875 0.0498046875
1 0.904296875 0.029296875 0.05859375 0.05859375
2 0.8994140625 0.9619140625 0.048828125 0.048828125
3 0.8994140625 0.7119140625 0.048828125 0.048828125
0 0.087890625 0.212890625 0.0517578125 0.0517578125
1 0.8369140625 0.2119140625 0.0498046875 0.0498046875
2 0.8359375 0.7734375 0.0478515625 0.0478515625
3 0.2158203125 0.0908203125 0.0576171875 0.0576171875
0 0.0869140625 0.7744140625 0.048828125 0.048828125
1 0.8369140625 0.5869140625 0.048828125 0.048828125
2 0.962890625 0.025390625 0.05078125 0.05078125
3 0.6494140625 0.5869140625 0.048828125 0.048828125
0 0.3369140625 0.7744140625 0.048828125 0.048828125
1 0.654296875 0.404296875 0.05859375 0.05859375
2 0.08984375 0.90234375 0.0556640625 0.0556640625
3 0.7744140625 0.5244140625 0.048828125 0.048828125
0 0.3994140625 0.0869140625 0.0498046875 0.0498046875
1 0.6484375 0.2734375 0.046875 0.046875
2 0.7119140625 0.8369140625 0.0498046875 0.0498046875
3 0.8359375 0.7109375 0.0478515625 0.0478515625
0 0.8984375 0.8984375 0.046875 0.046875
1 0.8408203125 0.5283203125 0.056640625 0.056640625
2 0.7734375 0.3984375 0.0478515625 0.0478515625
3 0.8994140625 0.4619140625 0.048828125 0.048828125
0 0.775390625 0.275390625 0.0517578125 0.0517578125
1 0.8359375 0.3984375 0.046875 0.046875
2 0.02734375 0.33984375 0.0546875 0.0546875
3 0.40234375 0.46484375 0.0546875 0.0546875
0 0.2744140625 0.8369140625 0.048828125 0.048828125
1 0.7763671875 0.9013671875 0.052734375 0.052734375
2 0.275390625 0.400390625 0.0517578125 0.0517578125
3 0.1494140625 0.5869140625 0.0498046875 0.0498046875
0 0.462890625 0.837890625 0.05078125 0.05078125
1 0.0234375 0.4609375 0.0478515625 0.0478515625
2 0.4619140625 0.1494140625 0.048828125 0.048828125
3 0.4619140625 0.3369140625 0.048828125 0.048828125
