0 0.654296875 0.279296875 0.05859375 0.05859375
1 0.2744140625 0.8369140625 0.0498046875 0.0498046875
2 0.7119140625 0.9619140625 0.0498046875 0.0498046875
3 0.5859375 0.8984375 0.0478515625 0.0478515625
0 0.591796875 0.154296875 0.0595703125 0.0595703125
1 0.21484375 0.58984375 0.0556640625 0.0556640625
2 0.091796875 0.154296875 0.05859375 0.05859375
3 0.779296875 0.341796875 0.05859375 0.05859375
0 0.0888671875 0.8388671875 0.052734375 0.052734375
1 0.5908203125 0.3408203125 0.056640625 0.056640625
2 0.587890625 0.275390625 0.05078125 0.05078125
3 0.21484375 0.46484375 0.0556640625 0.0556640625
0 0.0888671875 0.4638671875 0.052734375 0.052734375
1 0.279296875 0.529296875 0.05859375 0.05859375
2 0.8388671875 0.5888671875 0.0537109375 0.0537109375
3 0.9013671875 0.3388671875 0.0537109375 0.0537109375
0 0.8369140625 0.9619140625 0.0498046875 0.0498046875
1 0.0244140625 0.7119140625 0.0498046875 0.0498046875
2 0.712890625 0.650390625 0.0517578125 0.0517578125
3 0.3388671875 0.5888671875 0.052734375 0.052734375
0 0.962890625 0.775390625 0.05078125 0.05078125
1 0.4033203125 0.5908203125 0.056640625 0.056640625
2 0.091796875 0.966796875 0.05859375 0.05859375
3 0.341796875 0.091796875 0.05859375 0.05859375
0 0.2158203125 0.6533203125 0.056640625 0.056640625
1 0.6494140625 0.0869140625 0.048828125 0.048828125
2 0.9013671875 0.7763671875 0.052734375 0.052734375
3 0.279296875 0.904296875 0.05859375 0.05859375
0 0.5869140625 0.4619140625 0.048828125 0.048828125
1 0.9638671875 0.9638671875 0.0537109375 0.0537109375
2 0.0234375 0.8984375 0.0478515625 0.0478515625
3 0.3408203125 0.5283203125 0.056640625 0.056640625
0 0.46484375 0.58984375 0.0556640625 0.0556640625
1 0.9609375 0.2734375 0.0478515625 0.0478515625
2 0.400390625 0.462890625 0.05078125 0.05078125
3 0.9658203125 0.3408203125 0.0576171875 0.0576171875
0 0.5234375 0.1484375 0.0478515625 0.0478515625
1 0.9033203125 0.0283203125 0.0576171875 0.0576171875
2 0.2119140625 0.2744140625 0.0498046875 0.0498046875
3 0.6533203125 0.9033203125 0.056640625 0.056640625
