0 0.8388671875 0.9638671875 0.0537109375 0.0537109375
1 0.1494140625 0.5244140625 0.0498046875 0.0498046875
2 0.2109375 0.2734375 0.0478515625 0.0478515625
3 0.8994140625 0.8994140625 0.048828125 0.048828125
0 0.400390625 0.962890625 0.0517578125 0.0517578125
1 0.8359375 0.8984375 0.046875 0.046875
2 0.5908203125 0.5908203125 0.0576171875 0.0576171875
3 0.0234375 0.1484375 0.046875 0.046875
0 0.2744140625 0.5244140625 0.048828125 0.048828125
1 0.9619140625 0.3994140625 0.0498046875 0.0498046875
2 0.02734375 0.58984375 0.0556640625 0.0556640625
3 0.5869140625 0.9619140625 0.048828125 0.048828125
0 0.71484375 0.83984375 0.0556640625 0.0556640625
1 0.7763671875 0.0263671875 0.0537109375 0.0537109375
2 0.337890625 0.337890625 0.0517578125 0.0517578125
3 0.9638671875 0.0263671875 0.052734375 0.052734375
0 0.2783203125 0.2158203125 0.056640625 0.056640625
1 0.40234375 0.40234375 0.0546875 0.0546875
2 0.33984375 0.27734375 0.0546875 0.0546875
3 0.7138671875 0.2138671875 0.0537109375 0.0537109375
0 0.7138671875 0.0888671875 0.0537109375 0.0537109375
1 0.83984375 0.33984375 0.0556640625 0.0556640625
2 0.7119140625 0.7119140625 0.0498046875 0.0498046875
3 0.154296875 0.716796875 0.05859375 0.05859375
0 0.904296875 0.279296875 0.0595703125 0.0595703125
1 0.3994140625 0.8369140625 0.048828125 0.048828125
2 0.4609375 0.0234375 0.0478515625 0.0478515625
3 0.962890625 0.337890625 0.0517578125 0.0517578125
0 0.5869140625 0.0244140625 0.0498046875 0.0498046875
1 0.341796875 0.904296875 0.05859375 0.05859375
2 0.029296875 0.404296875 0.0595703125 0.0595703125
3 0.4638671875 0.9638671875 0.0537109375 0.0537109375
0 0.0283203125 0.0283203125 0.0576171875 0.0576171875
1 0.5283203125 0.0908203125 0.056640625 0.056640625
2 0.7744140625 0.2744140625 0.048828125 0.048828125
3 0.52734375 0.58984375 0.0546875 0.0546875
0 0.529296875 0.216796875 0.05859375 0.05859375
1 0.4658203125 0.2783203125 0.056640625 0.056640625
2 0.6513671875 0.5888671875 0.052734375 0.052734375
3 0.7783203125 0.4033203125 0.056640625 0.056640625
