0 0.3994140625 0.8369140625 0.048828125 0.048828125
1 0.40234375 0.90234375 0.0556640625 0.0556640625
2 0.08984375 0.77734375 0.0556640625 0.0556640625
3 0.5283203125 0.7783203125 0.0576171875 0.0576171875
0 0.025390625 0.650390625 0.0517578125 0.0517578125
1 0.654296875 0.591796875 0.0595703125 0.0595703125
2 0.7119140625 0.5869140625 0.0498046875 0.0498046875
3 0.3408203125 0.8408203125 0.0576171875 0.0576171875
0 0.1533203125 0.4658203125 0.0576171875 0.0576171875
1 0.841796875 0.716796875 0.05859375 0.05859375
2 0.087890625 0.275390625 0.0517578125 0.0517578125
3 0.6533203125 0.4658203125 0.056640625 0.056640625
0 0.21484375 0.08984375 0.0546875 0.0546875
1 0.150390625 0.775390625 0.05078125 0.05078125
2 0.6494140625 0.0244140625 0.0498046875 0.0498046875
3 0.716796875 0.966796875 0.05859375 0.05859375
0 0.6484375 0.8359375 0.0478515625 0.0478515625
1 0.15234375 0.21484375 0.0546875 0.0546875
2 0.33984375 0.96484375 0.0546875 0.0546875
3 0.77734375 0.71484375 0.0546875 0.0546875
0 0.0869140625 0.0869140625 0.048828125 0.048828125
1 0.9619140625 0.6494140625 0.048828125 0.048828125
2 0.7744140625 0.5869140625 0.048828125 0.048828125
3 0.525390625 0.900390625 0.0517578125 0.0517578125
0 0.4033203125 0.4033203125 0.0576171875 0.0576171875
1 0.6513671875 0.2138671875 0.052734375 0.052734375
2 0.337890625 0.650390625 0.0517578125 0.0517578125
3 0.154296875 0.654296875 0.05859375 0.05859375
0 0.154296875 0.716796875 0.05859375 0.05859375
1 0.6484375 0.2734375 0.046875 0.046875
2 0.5263671875 0.4013671875 0.052734375 0.052734375
3 0.8388671875 0.2138671875 0.0537109375 0.0537109375
0 0.1513671875 0.2763671875 0.052734375 0.052734375
1 0.7783203125 0.8408203125 0.056640625 0.056640625
2 0.9619140625 0.2744140625 0.048828125 0.048828125
3 0.2109375 0.8359375 0.046875 0.046875
0 0.650390625 0.337890625 0.05078125 0.05078125
1 0.7119140625 0.1494140625 0.048828125 0.048828125
2 0.5283203125 0.4658203125 0.0576171875 0.0576171875
3 0.0869140625 0.8994140625 0.048828125 0.048828125
