0 0.025390625 0.587890625 0.0517578125 0.0517578125
1 0.9619140625 0.4619140625 0.048828125 0.048828125
2 0.779296875 0.404296875 0.0595703125 0.0595703125
3 0.7763671875 0.0888671875 0.0537109375 0.0537109375
0 0.0888671875 0.2138671875 0.052734375 0.052734375
1 0.4638671875 0.8388671875 0.052734375 0.052734375
2 0.5869140625 0.7744140625 0.048828125 0.048828125
3 0.8388671875 0.2138671875 0.052734375 0.052734375
0 0.6494140625 0.6494140625 0.048828125 0.048828125
1 0.02734375 0.83984375 0.0556640625 0.0556640625
2 0.3369140625 0.4619140625 0.048828125 0.048828125
3 0.0283203125 0.2783203125 0.056640625 0.056640625
0 0.650390625 0.837890625 0.0517578125 0.0517578125
1 0.0888671875 0.9638671875 0.052734375 0.052734375
2 0.3359375 0.2109375 0.046875 0.046875
3 0.83984375 0.52734375 0.0546875 0.0546875
0 0.3408203125 0.8408203125 0.056640625 0.056640625
1 0.0888671875 0.2763671875 0.0537109375 0.0537109375
2 0.2158203125 0.6533203125 0.0576171875 0.0576171875
3 0.0283203125 0.4033203125 0.056640625 0.056640625
0 0.650390625 0.462890625 0.05078125 0.05078125
1 0.2138671875 0.5263671875 0.0537109375 0.0537109375
2 0.525390625 0.900390625 0.05078125 0.05078125
3 0.154296875 0.966796875 0.05859375 0.05859375
0 0.775390625 0.900390625 0.05078125 0.05078125
1 0.5869140625 0.4619140625 0.048828125 0.048828125
2 0.2734375 0.2734375 0.0478515625 0.0478515625
3 0.337890625 0.400390625 0.05078125 0.05078125
0 0.841796875 0.841796875 0.05859375 0.05859375
1 0.27734375 0.83984375 0.0556640625 0.0556640625
2 0.779296875 0.841796875 0.05859375 0.05859375
3 0.2119140625 0.2744140625 0.048828125 0.048828125
0 0.8369140625 0.3369140625 0.048828125 0.048828125
1 0.21484375 0.77734375 0.0546875 0.0546875
2 0.7138671875 0.5888671875 0.0537109375 0.0537109375
3 0.400390625 0.400390625 0.05078125 0.05078125
0 0.90234375 0.83984375 0.0546875 0.0546875
1 0.7119140625 0.7744140625 0.0498046875 0.0498046875
2 0.21484375 0.96484375 0.0556640625 0.0556640625
3 0.654296875 0.404296875 0.05859375 0.05859375
