0 0.212890625 0.337890625 0.0517578125 0.0517578125
1 0.5283203125 0.5908203125 0.0576171875 0.0576171875
2 0.7783203125 0.2158203125 0.056640625 0.056640625
3 0.404296875 0.029296875 0.05859375 0.05859375
0 0.3359375 0.9609375 0.0478515625 0.0478515625
1 0.7138671875 0.3388671875 0.0537109375 0.0537109375
2 0.7783203125 0.1533203125 0.0576171875 0.0576171875
3 0.8994140625 0.0244140625 0.0498046875 0.0498046875
0 0.466796875 0.841796875 0.0595703125 0.0595703125
1 0.712890625 0.525390625 0.05078125 0.05078125
2 0.3369140625 0.7119140625 0.048828125 0.048828125
3 0.2158203125 0.2158203125 0.056640625 0.056640625
0 0.02734375 0.71484375 0.0546875 0.0546875
1 0.087890625 0.025390625 0.05078125 0.05078125
2 0.4013671875 0.6513671875 0.0537109375 0.0537109375
3 0.02734375 0.65234375 0.0556640625 0.0556640625
0 0.587890625 0.712890625 0.0517578125 0.0517578125
1 0.0888671875 0.2138671875 0.052734375 0.052734375
2 0.2763671875 0.2138671875 0.0537109375 0.0537109375
3 0.025390625 0.025390625 0.0517578125 0.0517578125
0 0.0283203125 0.0908203125 0.0576171875 0.0576171875
1 0.77734375 0.27734375 0.0546875 0.0546875
2 0.341796875 0.216796875 0.05859375 0.05859375
3 0.5869140625 0.3369140625 0.0498046875 0.0498046875
0 0.7734375 0.4609375 0.046875 0.046875
1 0.4638671875 0.4013671875 0.0537109375 0.0537109375
2 0.2158203125 0.2783203125 0.0576171875 0.0576171875
3 0.1513671875 0.3388671875 0.052734375 0.052734375
0 0.2158203125 0.5908203125 0.0576171875 0.0576171875
1 0.2783203125 0.9033203125 0.056640625 0.056640625
2 0.525390625 0.775390625 0.0517578125 0.0517578125
3 0.654296875 0.841796875 0.05859375 0.05859375
0 0.6484375 0.9609375 0.0478515625 0.0478515625
1 0.6513671875 0.1513671875 0.052734375 0.052734375
2 0.2119140625 0.0244140625 0.0498046875 0.0498046875
3 0.591796875 0.279296875 0.0595703125 0.0595703125
0 0.8359375 0.0859375 0.046875 0.046875
1 0.2744140625 0.0244140625 0.048828125 0.048828125
2 0.8408203125 0.4033203125 0.0576171875 0.0576171875
3 0.8369140625 0.7744140625 0.048828125 0.048828125
