0 0.587890625 0.712890625 0.0517578125 0.0517578125
1 0.5263671875 0.6513671875 0.0537109375 0.0537109375
2 0.966796875 0.654296875 0.05859375 0.05859375
3 0.7744140625 0.7744140625 0.048828125 0.048828125
0 0.6494140625 0.4619140625 0.0498046875 0.0498046875
1 0.1494140625 0.3369140625 0.048828125 0.048828125
2 0.2734375 0.2109375 0.0478515625 0.0478515625
3 0.1513671875 0.8388671875 0.052734375 0.052734375
0 0.1494140625 0.9619140625 0.048828125 0.048828125
1 0.587890625 0.462890625 0.05078125 0.05078125
2 0.21484375 0.08984375 0.0546875 0.0546875
3 0.77734375 0.27734375 0.0546875 0.0546875
0 0.9619140625 0.9619140625 0.0498046875 0.0498046875
1 0.0859375 0.3359375 0.046875 0.046875
2 0.65234375 0.58984375 0.0556640625 0.0556640625
3 0.1513671875 0.2138671875 0.052734375 0.052734375
0 0.0263671875 0.4638671875 0.052734375 0.052734375
1 0.9013671875 0.8388671875 0.052734375 0.052734375
2 0.2119140625 0.2744140625 0.048828125 0.048828125
3 0.025390625 0.837890625 0.05078125 0.05078125
0 0.0263671875 0.6513671875 0.0537109375 0.0537109375
1 0.8369140625 0.6494140625 0.0498046875 0.0498046875
2 0.212890625 0.712890625 0.05078125 0.05078125
3 0.2744140625 0.9619140625 0.048828125 0.048828125
0 0.0869140625 0.2119140625 0.048828125 0.048828125
1 0.7109375 0.3359375 0.0478515625 0.0478515625
2 0.5244140625 0.2119140625 0.0498046875 0.0498046875
3 0.7138671875 0.8388671875 0.052734375 0.052734375
0 0.400390625 0.900390625 0.0517578125 0.0517578125
1 0.5888671875 0.5888671875 0.0537109375 0.0537109375
2 0.1533203125 0.4658203125 0.0576171875 0.0576171875
3 0.46484375 0.58984375 0.0556640625 0.0556640625
0 0.8984375 0.5859375 0.0478515625 0.0478515625
1 0.9619140625 0.8994140625 0.0498046875 0.0498046875
2 0.5234375 0.1484375 0.0478515625 0.0478515625
3 0.6494140625 0.3369140625 0.0498046875 0.0498046875
0 0.7109375 0.5234375 0.046875 0.046875
1 0.6533203125 0.9658203125 0.0576171875 0.0576171875
2 0.33984375 0.52734375 0.0546875 0.0546875
3 0.90234375 0.27734375 0.0556640625 0.0556640625
