0 0.587890625 0.462890625 0.0517578125 0.0517578125
1 0.4619140625 0.0869140625 0.0498046875 0.0498046875
2 0.7744140625 0.2119140625 0.048828125 0.048828125
3 0.6513671875 0.5263671875 0.0537109375 0.0537109375
0 0.5263671875 0.4013671875 0.052734375 0.052734375
1 0.9013671875 0.1513671875 0.0537109375 0.0537109375
2 0.3388671875 0.2138671875 0.0537109375 0.0537109375
3 0.400390625 0.212890625 0.05078125 0.05078125
0 0.654296875 0.716796875 0.0595703125 0.0595703125
1 0.279296875 0.591796875 0.05859375 0.05859375
2 0.962890625 0.775390625 0.05078125 0.05078125
3 0.654296875 0.341796875 0.05859375 0.05859375
0 0.591796875 0.216796875 0.05859375 0.05859375
1 0.2783203125 0.7158203125 0.0576171875 0.0576171875
2 0.337890625 0.025390625 0.05078125 0.05078125
3 0.2158203125 0.2783203125 0.056640625 0.056640625
0 0.591796875 0.779296875 0.05859375 0.05859375
1 0.650390625 0.900390625 0.05078125 0.05078125
2 0.7109375 0.0859375 0.0478515625 0.0478515625
3 0.1494140625 0.6494140625 0.0498046875 0.0498046875
0 0.150390625 0.337890625 0.0517578125 0.0517578125
1 0.1533203125 0.2158203125 0.056640625 0.056640625
2 0.7158203125 0.2783203125 0.0576171875 0.0576171875
3 0.216796875 0.966796875 0.0595703125 0.0595703125
0 0.587890625 0.275390625 0.05078125 0.05078125
1 0.9638671875 0.9013671875 0.052734375 0.052734375
2 0.77734375 0.65234375 0.0546875 0.0546875
3 0.3359375 0.0859375 0.0478515625 0.0478515625
0 0.15234375 0.52734375 0.0556640625 0.0556640625
1 0.2763671875 0.1513671875 0.052734375 0.052734375
2 0.7744140625 0.7744140625 0.048828125 0.048828125
3 0.21484375 0.40234375 0.0546875 0.0546875
0 0.7783203125 0.5908203125 0.0576171875 0.0576171875
1 0.4638671875 0.9638671875 0.052734375 0.052734375
2 0.029296875 0.841796875 0.05859375 0.05859375
3 0.3408203125 0.4658203125 0.056640625 0.056640625
0 0.212890625 0.212890625 0.0517578125 0.0517578125
1 0.404296875 0.091796875 0.05859375 0.05859375
2 0.904296875 0.591796875 0.0595703125 0.0595703125
3 0.5244140625 0.7744140625 0.048828125 0.048828125
