0 0.650390625 0.462890625 0.05078125 0.05078125
1 0.7158203125 0.7783203125 0.0576171875 0.0576171875
2 0.9638671875 0.2763671875 0.052734375 0.052734375
3 0.3994140625 0.7744140625 0.0498046875 0.0498046875
0 0.2109375 0.0234375 0.046875 0.046875
1 0.1533203125 0.5283203125 0.0576171875 0.0576171875
2 0.4609375 0.8984375 0.0478515625 0.0478515625
3 0.154296875 0.966796875 0.0595703125 0.0595703125
0 0.2119140625 0.8369140625 0.0498046875 0.0498046875
1 0.8408203125 0.7783203125 0.0576171875 0.0576171875
2 0.5263671875 0.2138671875 0.052734375 0.052734375
3 0.2763671875 0.7138671875 0.052734375 0.052734375
0 0.587890625 0.087890625 0.0517578125 0.0517578125
1 0.650390625 0.712890625 0.0517578125 0.0517578125
2 0.400390625 0.962890625 0.0517578125 0.0517578125
3 0.841796875 0.591796875 0.05859375 0.05859375
0 0.841796875 0.091796875 0.05859375 0.05859375
1 0.15234375 0.58984375 0.0556640625 0.0556640625
2 0.2109375 0.4609375 0.0478515625 0.0478515625
3 0.0234375 0.7734375 0.0478515625 0.0478515625
0 0.7109375 0.1484375 0.046875 0.046875
1 0.0869140625 0.5244140625 0.0498046875 0.0498046875
2 0.0869140625 0.3994140625 0.0498046875 0.0498046875
3 0.96484375 0.52734375 0.0556640625 0.0556640625
0 0.0908203125 0.0283203125 0.0576171875 0.0576171875
1 0.0869140625 0.1494140625 0.048828125 0.048828125
2 0.591796875 0.154296875 0.05859375 0.05859375
3 0.7783203125 0.4658203125 0.0576171875 0.0576171875
0 0.341796875 0.216796875 0.05859375 0.05859375
1 0.4609375 0.3359375 0.046875 0.046875
2 0.2138671875 0.2763671875 0.052734375 0.052734375
3 0.5244140625 0.1494140625 0.048828125 0.048828125
0 0.5263671875 0.9013671875 0.0537109375 0.0537109375
1 0.275390625 0.087890625 0.0517578125 0.0517578125
2 0.341796875 0.779296875 0.05859375 0.05859375
3 0.0869140625 0.0869140625 0.0498046875 0.0498046875
0 0.0888671875 0.8388671875 0.052734375 0.052734375
1 0.6533203125 0.6533203125 0.0576171875 0.0576171875
2 0.4619140625 0.4619140625 0.0498046875 0.0498046875
3 0.0234375 0.8359375 0.0478515625 0.0478515625
