0 0.5859375 0.5859375 0.0478515625 0.0478515625
1 0.2734375 0.7734375 0.0478515625 0.0478515625
2 0.0263671875 0.0263671875 0.0537109375 0.0537109375
3 0.3984375 0.5234375 0.0478515625 0.0478515625
0 0.529296875 0.841796875 0.05859375 0.05859375
1 0.337890625 0.025390625 0.0517578125 0.0517578125
2 0.08984375 0.08984375 0.0556640625 0.0556640625
3 0.275390625 0.337890625 0.05078125 0.05078125
0 0.8994140625 0.3369140625 0.0498046875 0.0498046875
1 0.2109375 0.6484375 0.0478515625 0.0478515625
2 0.8388671875 0.4013671875 0.052734375 0.052734375
3 0.27734375 0.58984375 0.0546875 0.0546875
0 0.8984375 0.2734375 0.0478515625 0.0478515625
1 0.1533203125 0.7158203125 0.0576171875 0.0576171875
2 0.4609375 0.6484375 0.0478515625 0.0478515625
3 0.65234375 0.65234375 0.0546875 0.0546875
0 0.154296875 0.091796875 0.05859375 0.05859375
1 0.7138671875 0.5263671875 0.0537109375 0.0537109375
2 0.7158203125 0.8408203125 0.0576171875 0.0576171875
3 0.775390625 0.775390625 0.0517578125 0.0517578125
0 0.5234375 0.2734375 0.046875 0.046875
1 0.0859375 0.3359375 0.0478515625 0.0478515625
2 0.7109375 0.9609375 0.046875 0.046875
3 0.0908203125 0.6533203125 0.056640625 0.056640625
0 0.46484375 0.96484375 0.0556640625 0.0556640625
1 0.9619140625 0.2119140625 0.0498046875 0.0498046875
2 0.0908203125 0.2783203125 0.0576171875 0.0576171875
3 0.83984375 0.02734375 0.0556640625 0.0556640625
0 0.1513671875 0.4013671875 0.0537109375 0.0537109375
1 0.21484375 0.40234375 0.0546875 0.0546875
2 0.3994140625 0.1494140625 0.0498046875 0.0498046875
3 0.2138671875 0.5888671875 0.0537109375 0.0537109375
0 0.3984375 0.0859375 0.0478515625 0.0478515625
1 0.52734375 0.77734375 0.0546875 0.0546875
2 0.4033203125 0.5908203125 0.0576171875 0.0576171875
3 0.58984375 0.90234375 0.0556640625 0.0556640625
0 0.337890625 0.337890625 0.05078125 0.05078125
1 0.4619140625 0.7119140625 0.048828125 0.048828125
2 0.2783203125 0.9033203125 0.056640625 0.056640625
3 0.4013671875 0.6513671875 0.0537109375 0.0537109375
