0 0.966796875 0.341796875 0.05859375 0.05859375
1 0.154296875 0.154296875 0.0595703125 0.0595703125
2 0.400390625 0.900390625 0.05078125 0.05078125
3 0.7783203125 0.8408203125 0.056640625 0.056640625
0 0.3388671875 0.7763671875 0.052734375 0.052734375
1 0.40234375 0.77734375 0.0556640625 0.0556640625
2 0.77734375 0.27734375 0.0546875 0.0546875
3 0.9033203125 0.2783203125 0.0576171875 0.0576171875
0 0.8994140625 0.7119140625 0.0498046875 0.0498046875
1 0.15234375 0.71484375 0.0556640625 0.0556640625
2 0.5263671875 0.2763671875 0.052734375 0.052734375
3 0.4658203125 0.4033203125 0.056640625 0.056640625
0 0.087890625 0.212890625 0.05078125 0.05078125
1 0.0283203125 0.0908203125 0.056640625 0.056640625
2 0.0283203125 0.9658203125 0.056640625 0.056640625
3 0.1494140625 0.3369140625 0.0498046875 0.0498046875
0 0.96484375 0.96484375 0.0546875 0.0546875
1 0.8359375 0.8359375 0.046875 0.046875
2 0.46484375 0.58984375 0.0556640625 0.0556640625
3 0.2109375 0.3984375 0.0478515625 0.0478515625
0 0.5263671875 0.0888671875 0.0537109375 0.0537109375
1 0.7744140625 0.7744140625 0.048828125 0.048828125
2 0.404296875 0.341796875 0.05859375 0.05859375
3 0.8984375 0.8984375 0.0478515625 0.0478515625
0 0.9033203125 0.7783203125 0.0576171875 0.0576171875
1 0.5234375 0.2109375 0.0478515625 0.0478515625
2 0.1484375 0.5859375 0.0478515625 0.0478515625
3 0.0908203125 0.8408203125 0.0576171875 0.0576171875
0 0.7109375 0.8984375 0.0478515625 0.0478515625
1 0.3994140625 0.2119140625 0.048828125 0.048828125
2 0.087890625 0.775390625 0.0517578125 0.0517578125
3 0.4609375 0.0859375 0.0478515625 0.0478515625
0 0.0869140625 0.6494140625 0.048828125 0.048828125
1 0.1533203125 0.2158203125 0.056640625 0.056640625
2 0.5908203125 0.5908203125 0.0576171875 0.0576171875
3 0.150390625 0.962890625 0.05078125 0.05078125
0 0.96484375 0.15234375 0.0556640625 0.0556640625
1 0.5869140625 0.2744140625 0.048828125 0.048828125
2 0.525390625 0.025390625 0.0517578125 0.0517578125
3 0.6484375 0.4609375 0.0478515625 0.0478515625
