0 0.650390625 0.712890625 0.0517578125 0.0517578125
1 0.08984375 0.58984375 0.0546875 0.0546875
2 0.2119140625 0.1494140625 0.048828125 0.048828125
3 0.77734375 0.58984375 0.0556640625 0.0556640625
0 0.1533203125 0.5908203125 0.056640625 0.056640625
1 0.1513671875 0.7138671875 0.0537109375 0.0537109375
2 0.1484375 0.8359375 0.0478515625 0.0478515625
3 0.6484375 0.9609375 0.046875 0.046875
0 0.90234375 0.40234375 0.0556640625 0.0556640625
1 0.150390625 0.525390625 0.0517578125 0.0517578125
2 0.7138671875 0.3388671875 0.0537109375 0.0537109375
3 0.4609375 0.3984375 0.0478515625 0.0478515625
0 0.2744140625 0.3994140625 0.048828125 0.048828125
1 0.1513671875 0.9013671875 0.052734375 0.052734375
2 0.900390625 0.587890625 0.0517578125 0.0517578125
3 0.40234375 0.90234375 0.0546875 0.0546875
0 0.7734375 0.7109375 0.046875 0.046875
1 0.7783203125 0.1533203125 0.0576171875 0.0576171875
2 0.5263671875 0.5888671875 0.052734375 0.052734375
3 0.1484375 0.7734375 0.0478515625 0.0478515625
0 0.2138671875 0.2763671875 0.052734375 0.052734375
1 0.9638671875 0.2763671875 0.052734375 0.052734375
2 0.9638671875 0.0263671875 0.052734375 0.052734375
3 0.8408203125 0.7783203125 0.0576171875 0.0576171875
0 0.7734375 0.0234375 0.046875 0.046875
1 0.52734375 0.96484375 0.0546875 0.0546875
2 0.904296875 0.841796875 0.0595703125 0.0595703125
3 0.2138671875 0.5888671875 0.052734375 0.052734375
0 0.154296875 0.466796875 0.05859375 0.05859375
1 0.587890625 0.775390625 0.0517578125 0.0517578125
2 0.091796875 0.841796875 0.05859375 0.05859375
3 0.025390625 0.212890625 0.05078125 0.05078125
0 0.8388671875 0.9638671875 0.052734375 0.052734375
1 0.96484375 0.21484375 0.0556640625 0.0556640625
2 0.4609375 0.1484375 0.046875 0.046875
3 0.712890625 0.900390625 0.0517578125 0.0517578125
0 0.4013671875 0.4013671875 0.0537109375 0.0537109375
1 0.7119140625 0.5244140625 0.048828125 0.048828125
2 0.7783203125 0.9658203125 0.0576171875 0.0576171875
3 0.7158203125 0.2158203125 0.056640625 0.056640625
