0 0.5908203125 0.9033203125 0.056640625 0.056640625
1 0.0869140625 0.8369140625 0.0498046875 0.0498046875
2 0.4619140625 0.9619140625 0.0498046875 0.0498046875
3 0.40234375 0.65234375 0.0556640625 0.0556640625
0 0.65234375 0.33984375 0.0546875 0.0546875
1 0.462890625 0.837890625 0.0517578125 0.0517578125
2 0.2763671875 0.7763671875 0.0537109375 0.0537109375
3 0.7763671875 0.7138671875 0.052734375 0.052734375
0 0.716796875 0.279296875 0.05859375 0.05859375
1 0.7763671875 0.6513671875 0.052734375 0.052734375
2 0.7138671875 0.9013671875 0.0537109375 0.0537109375
3 0.77734375 0.40234375 0.0556640625 0.0556640625
0 0.2109375 0.2734375 0.0478515625 0.0478515625
1 0.2119140625 0.7119140625 0.048828125 0.048828125
2 0.40234375 0.27734375 0.0546875 0.0546875
3 0.4658203125 0.7783203125 0.0576171875 0.0576171875
0 0.900390625 0.462890625 0.05078125 0.05078125
1 0.27734375 0.15234375 0.0546875 0.0546875
2 0.2119140625 0.5244140625 0.0498046875 0.0498046875
3 0.3388671875 0.9013671875 0.052734375 0.052734375
0 0.02734375 0.71484375 0.0556640625 0.0556640625
1 0.90234375 0.15234375 0.0546875 0.0546875
2 0.8359375 0.3359375 0.0478515625 0.0478515625
3 0.6494140625 0.1494140625 0.048828125 0.048828125
0 0.58984375 0.02734375 0.0546875 0.0546875
1 0.6533203125 0.7783203125 0.056640625 0.056640625
2 0.9013671875 0.5263671875 0.0537109375 0.0537109375
3 0.650390625 0.587890625 0.0517578125 0.0517578125
0 0.7783203125 0.4658203125 0.056640625 0.056640625
1 0.7138671875 0.3388671875 0.0537109375 0.0537109375
2 0.65234375 0.52734375 0.0556640625 0.0556640625
3 0.5908203125 0.8408203125 0.0576171875 0.0576171875
0 0.8984375 0.0859375 0.0478515625 0.0478515625
1 0.587890625 0.087890625 0.0517578125 0.0517578125
2 0.1484375 0.4609375 0.0478515625 0.0478515625
3 0.025390625 0.087890625 0.05078125 0.05078125
0 0.2734375 0.0234375 0.0478515625 0.0478515625
1 0.404296875 0.841796875 0.0595703125 0.0595703125
2 0.5869140625 0.4619140625 0.048828125 0.048828125
3 0.466796875 0.341796875 0.05859375 0.05859375
