0 0.2158203125 0.1533203125 0.0576171875 0.0576171875
1 0.216796875 0.904296875 0.05859375 0.05859375
2 0.3388671875 0.5263671875 0.0537109375 0.0537109375
3 0.1533203125 0.5283203125 0.0576171875 0.0576171875
0 0.0888671875 0.7763671875 0.0537109375 0.0537109375
1 0.7734375 0.8359375 0.0478515625 0.0478515625
2 0.5263671875 0.7763671875 0.052734375 0.052734375
3 0.0283203125 0.3408203125 0.0576171875 0.0576171875
0 0.5234375 0.8359375 0.0478515625 0.0478515625
1 0.1513671875 0.2138671875 0.0537109375 0.0537109375
2 0.7119140625 0.2744140625 0.0498046875 0.0498046875
3 0.4619140625 0.1494140625 0.048828125 0.048828125
0 0.5283203125 0.4033203125 0.056640625 0.056640625
1 0.5869140625 0.9619140625 0.0498046875 0.0498046875
2 0.7744140625 0.3994140625 0.048828125 0.048828125
3 0.6484375 0.7734375 0.0478515625 0.0478515625
0 0.71484375 0.52734375 0.0546875 0.0546875
1 0.5244140625 0.3369140625 0.0498046875 0.0498046875
2 0.8994140625 0.3994140625 0.0498046875 0.0498046875
3 0.5244140625 0.8994140625 0.048828125 0.048828125
0 0.2763671875 0.9638671875 0.0537109375 0.0537109375
1 0.21484375 0.02734375 0.0546875 0.0546875
2 0.7158203125 0.9658203125 0.0576171875 0.0576171875
3 0.279296875 0.529296875 0.05859375 0.05859375
0 0.212890625 0.837890625 0.0517578125 0.0517578125
1 0.4013671875 0.0263671875 0.052734375 0.052734375
2 0.4033203125 0.3408203125 0.056640625 0.056640625
3 0.529296875 0.966796875 0.05859375 0.05859375
0 0.0263671875 0.5888671875 0.052734375 0.052734375
1 0.212890625 0.087890625 0.05078125 0.05078125
2 0.462890625 0.275390625 0.05078125 0.05078125
3 0.212890625 0.775390625 0.05078125 0.05078125
0 0.8994140625 0.0244140625 0.048828125 0.048828125
1 0.3984375 0.0859375 0.0478515625 0.0478515625
2 0.3408203125 0.3408203125 0.0576171875 0.0576171875
3 0.08984375 0.33984375 0.0546875 0.0546875
0 0.904296875 0.654296875 0.05859375 0.05859375
1 0.212890625 0.712890625 0.0517578125 0.0517578125
2 0.5869140625 0.4619140625 0.0498046875 0.0498046875
3 0.0869140625 0.0869140625 0.048828125 0.048828125
