0 0.15234375 0.71484375 0.0546875 0.0546875
1 0.0908203125 0.7783203125 0.056640625 0.056640625
2 0.966796875 0.529296875 0.0595703125 0.0595703125
3 0.5908203125 0.3408203125 0.056640625 0.056640625
0 0.4658203125 0.5908203125 0.056640625 0.056640625
1 0.8369140625 0.5869140625 0.0498046875 0.0498046875
2 0.087890625 0.275390625 0.05078125 0.05078125
3 0.462890625 0.837890625 0.05078125 0.05078125
0 0.0263671875 0.5263671875 0.0537109375 0.0537109375
1 0.341796875 0.029296875 0.0595703125 0.0595703125
2 0.40234375 0.02734375 0.0546875 0.0546875
3 0.4619140625 0.8994140625 0.0498046875 0.0498046875
0 0.8369140625 0.8994140625 0.0498046875 0.0498046875
1 0.08984375 0.71484375 0.0556640625 0.0556640625
2 0.2138671875 0.4013671875 0.0537109375 0.0537109375
3 0.212890625 0.712890625 0.0517578125 0.0517578125
0 0.3388671875 0.2763671875 0.052734375 0.052734375
1 0.7734375 0.0859375 0.0478515625 0.0478515625
2 0.8388671875 0.1513671875 0.0537109375 0.0537109375
3 0.58984375 0.40234375 0.0546875 0.0546875
0 0.0244140625 0.7744140625 0.048828125 0.048828125
1 0.08984375 0.46484375 0.0546875 0.0546875
2 0.587890625 0.775390625 0.0517578125 0.0517578125
3 0.337890625 0.400390625 0.05078125 0.05078125
0 0.591796875 0.154296875 0.05859375 0.05859375
1 0.0263671875 0.4013671875 0.0537109375 0.0537109375
2 0.15234375 0.27734375 0.0556640625 0.0556640625
3 0.904296875 0.466796875 0.05859375 0.05859375
0 0.2119140625 0.7744140625 0.048828125 0.048828125
1 0.2119140625 0.1494140625 0.048828125 0.048828125
2 0.5859375 0.8984375 0.046875 0.046875
3 0.15234375 0.46484375 0.0556640625 0.0556640625
0 0.7109375 0.9609375 0.046875 0.046875
1 0.0283203125 0.6533203125 0.056640625 0.056640625
2 0.779296875 0.154296875 0.0595703125 0.0595703125
3 0.5283203125 0.6533203125 0.0576171875 0.0576171875
0 0.46484375 0.33984375 0.0556640625 0.0556640625
1 0.1494140625 0.2119140625 0.0498046875 0.0498046875
2 0.7734375 0.3359375 0.0478515625 0.0478515625
3 0.712890625 0.275390625 0.05078125 0.05078125
