0 0.9013671875 0.6513671875 0.0537109375 0.0537109375
1 0.9033203125 0.9033203125 0.056640625 0.056640625
2 0.025390625 0.775390625 0.0517578125 0.0517578125
3 0.4658203125 0.5283203125 0.056640625 0.056640625
0 0.9609375 0.0234375 0.0478515625 0.0478515625
1 0.7158203125 0.3408203125 0.056640625 0.056640625
2 0.8359375 0.5859375 0.0478515625 0.0478515625
3 0.150390625 0.650390625 0.0517578125 0.0517578125
0 0.962890625 0.900390625 0.0517578125 0.0517578125
1 0.40234375 0.65234375 0.0546875 0.0546875
2 0.962890625 0.337890625 0.05078125 0.05078125
3 0.40234375 0.58984375 0.0556640625 0.0556640625
0 0.8984375 0.9609375 0.0478515625 0.0478515625
1 0.587890625 0.587890625 0.0517578125 0.0517578125
2 0.2783203125 0.5283203125 0.056640625 0.056640625
3 0.08984375 0.83984375 0.0546875 0.0546875
0 0.087890625 0.587890625 0.05078125 0.05078125
1 0.091796875 0.654296875 0.05859375 0.05859375
2 0.7158203125 0.7158203125 0.056640625 0.056640625
3 0.3359375 0.7734375 0.046875 0.046875
0 0.3994140625 0.3369140625 0.0498046875 0.0498046875
1 0.900390625 0.712890625 0.0517578125 0.0517578125
2 0.3388671875 0.3388671875 0.052734375 0.052734375
3 0.7158203125 0.0908203125 0.056640625 0.056640625
0 0.2744140625 0.4619140625 0.048828125 0.048828125
1 0.154296875 0.966796875 0.0595703125 0.0595703125
2 0.8369140625 0.2119140625 0.0498046875 0.0498046875
3 0.900390625 0.525390625 0.0517578125 0.0517578125
0 0.96484375 0.77734375 0.0556640625 0.0556640625
1 0.279296875 0.966796875 0.05859375 0.05859375
2 0.5263671875 0.2138671875 0.0537109375 0.0537109375
3 0.029296875 0.279296875 0.0595703125 0.0595703125
0 0.212890625 0.025390625 0.0517578125 0.0517578125
1 0.150390625 0.900390625 0.05078125 0.05078125
2 0.775390625 0.150390625 0.05078125 0.05078125
3 0.2109375 0.7734375 0.0478515625 0.0478515625
0 0.0888671875 0.2138671875 0.052734375 0.052734375
1 0.0234375 0.8984375 0.0478515625 0.0478515625
2 0.837890625 0.837890625 0.05078125 0.05078125
3 0.587890625 0.525390625 0.05078125 0.05078125
