0 0.83984375 0.52734375 0.0556640625 0.0556640625
1 0.587890625 0.212890625 0.0517578125 0.0517578125
2 0.52734375 0.90234375 0.0556640625 0.0556640625
3 0.0869140625 0.5869140625 0.048828125 0.048828125
0 0.21484375 0.02734375 0.0546875 0.0546875
1 0.275390625 0.400390625 0.0517578125 0.0517578125
2 0.77734375 0.02734375 0.0556640625 0.0556640625
3 0.216796875 0.966796875 0.05859375 0.05859375
0 0.837890625 0.025390625 0.0517578125 0.0517578125
1 0.404296875 0.216796875 0.05859375 0.05859375
2 0.77734375 0.65234375 0.0556640625 0.0556640625
3 0.4013671875 0.7138671875 0.052734375 0.052734375
0 0.025390625 0.275390625 0.0517578125 0.0517578125
1 0.77734375 0.90234375 0.0556640625 0.0556640625
2 0.02734375 0.52734375 0.0556640625 0.0556640625
3 0.4619140625 0.8369140625 0.0498046875 0.0498046875
0 0.8984375 0.5859375 0.0478515625 0.0478515625
1 0.5234375 0.2109375 0.046875 0.046875
2 0.8388671875 0.0888671875 0.052734375 0.052734375
3 0.58984375 0.52734375 0.0556640625 0.0556640625
0 0.7119140625 0.3369140625 0.0498046875 0.0498046875
1 0.7158203125 0.5283203125 0.056640625 0.056640625
2 0.587890625 0.900390625 0.05078125 0.05078125
3 0.337890625 0.900390625 0.05078125 0.05078125
0 0.150390625 0.462890625 0.0517578125 0.0517578125
1 0.2109375 0.3984375 0.0478515625 0.0478515625
2 0.0263671875 0.7763671875 0.0537109375 0.0537109375
3 0.525390625 0.025390625 0.05078125 0.05078125
0 0.3408203125 0.8408203125 0.056640625 0.056640625
1 0.525390625 0.150390625 0.05078125 0.05078125
2 0.6494140625 0.3369140625 0.048828125 0.048828125
3 0.341796875 0.654296875 0.05859375 0.05859375
0 0.7783203125 0.2158203125 0.056640625 0.056640625
1 0.466796875 0.404296875 0.0595703125 0.0595703125
2 0.7744140625 0.5869140625 0.048828125 0.048828125
3 0.9609375 0.8359375 0.046875 0.046875
0 0.2138671875 0.6513671875 0.052734375 0.052734375
1 0.65234375 0.96484375 0.0546875 0.0546875
2 0.90234375 0.65234375 0.0546875 0.0546875
3 0.0888671875 0.4013671875 0.0537109375 0.0537109375
